41,246
-25,234
-115,53
-212,77
-241,54
-262,87
-142,81
-104,61
-51,032
-8,3657
-31,683
-85,264
-97,667
-9,8541
40,75
72,006
116,66
122,61
117,65
92,843
73,494
69,525
94,827
117,65
131,04
142,45
136,5
120,63
87,385
52,161
-15,808
-85,76
-116,52
-36,148
32,812
97,804
118,64
-143,81
-310,5
-101,64
-3,4046
-2,4123
-10,35
-25,73
-24,242
-68,396
-77,326
-124,95
-162,16
-211,77
-131,9
-49,048
7,0139
-33,668
-32,676
-35,652
-3,4046
-11,342
24,874
4,0372
23,882
-9,8541
17,432
16,936
52,161
19,417
30,828
15,944
-13,823
-39,621
-85,264
-213,76
-177,05
-91,218
-61,45
-57,978
-35,156
-22,257
-17,792
-45,079
-38,629
89,37
286,83
440,13
459,47
459,47
492,71
455,01
368,19
298,73
225,31
114,18
-11,839
-44,086
-49,544
-88,241
-93,202
-115,03
-148,77
-143,81
-83,28
-50,536
-75,342
-81,295
-318,94
-303,56
-214,26
-201,85
-104,12
-5,8851
10,983
-2,4123
-6,3813
1,0605
14,456
33,804
94,827
85,401
138,49
220,35
361,74
392,5
379,1
331,48
247,63
122,11
93,835
67,54
28,843
-6,3813
-36,148
-113,54
-172,09
-235,09
-294,13
-322,91
-314,97
-327,87
-311,99
-318,94
-307,53
-280,24
-293,14
-205,82
-140,83
-111,56
-85,264
-89,233
-108,58
-125,45
-117,02
-131,9
-112,05
-55,497
36,285
94,331
117,15
106,73
82,424
80,44
78,455
47,696
42,735
6,0217
41,742
21,898
41,742
26,363
12,967
-34,164
-129,42
-175,06
-139,34
-12,335
3,045
18,921
68,533
125,59
166,27
182,14
161,31
105,25
23,882
-45,575
-74,846
-78,815
-74,35
-49,048
-29,203
-29,699
-49,048
-62,443
-65,419
-42,102
-35,156
2,5489
4,5334
25,866
47,2
85,897
83,416
22,394
24,874
37,773
-175,06
-165,14
6,5178
131,54
348,34
479,82
582,51
593,92
576,06
529,92
432,19
306,17
175,69
24,874
-143,31
-220,21
-268,83
-288,18
-305,54
-325,88
-352,18
-379,96
-376,49
-321,42
-345,23
-333,32
-240,05
-160,18
-61,45
-44,086
-6,8774
6,0217
45,711
-111,06
-158,69
-81,295
-27,218
-34,164
-13,823
55,138
106,24
183,14
235,72
278,89
312,13
314,61
282,36
217,86
206,95
161,31
152,38
176,19
175,69
158,83
133,52
47,2
-60,458
-90,225
-83,28
-141,82
-219,22
-238,57
-246,01
-198,88
-204,83
-179,53
-184,98
-225,67
-202,35
-130,91
-40,613
-20,769
-62,939
-88,737
-111,06
-118,01
-143,81
-127,43
-115,53
-85,76
-48,055
-16,304
-43,094
-33,172
2,0528
37,773
84,905
126,08
137,99
193,55
240,19
276,9
284,34
282,86
284,34
317,58
332,96
287,82
228,78
220,84
-2,4123
-241,54
136
89,866
116,66
4,0372
-49,544
-160,18
-138,85
-165,64
-145,29
-215,25
-231,62
-293,14
-321,91
-287,68
-69,388
46,207
146,92
171,73
195,04
250,11
291,29
257,55
189,09
141,96
79,447
53,153
-20,273
-26,722
-70,877
-113,54
-129,91
-190,94
-276,27
-176,55
-208,3
-223,19
-233,6
-187,46
-132,89
-152,74
-97,171
-42,102
-8,3657
-42,102
76,967
42,238
40,75
-21,265
-40,117
-64,923
-71,869
-51,032
30,332
17,929
-10,35
-122,47
-93,698
-50,04
-21,265
-28,707
17,929
163,29
239,69
309,15
323,54
-61,947
64,564
199,01
157,34
107,73
71,013
2,5489
-71,869
-132,89
-92,21
21,898
71,013
82,92
-9,8541
-102,13
-140,83
-166,63
-161,67
-193,91
-199,37
-116,52
-50,536
5,5256
27,851
-15,311
-31,187
36,781
60,099
76,967
113,68
114,18
138,49
132,53
121,62
-89,729
79,943
86,889
86,393
78,951
66,052
23,386
7,0139
1,5566
-51,528
-120,49
-113,54
-124,95
-112,55
-70,877
-40,117
-37,141
15,448
-22,753
-14,319
-21,761
34,797
62,083
99,788
191,07
183,14
148,9
128,07
156,35
135,01
87,881
97,804
149,4
-125,95
201
168,75
123,6
52,161
-16,8
-68,396
-75,838
-113,54
-204,83
-185,48
-143,31
-124,46
-52,52
18,425
65,06
42,735
32,812
-32,676
-115,03
-157,7
-186,47
-275,28
-327,37
-238,57
-101,64
35,789
76,967
89,37
71,013
37,277
52,657
68,037
18,425
66,548
125,09
153,37
123,6
92,843
60,595
72,006
76,471
52,657
129,56
148,41
127,57
152,38
161,8
144,94
124,1
107,23
62,579
49,184
98,3
38,766
-29,699
-111,06
-116,02
-100,64
-164,15
-150,26
-161,17
-183
-208,8
-197,39
-71,869
2,0528
15,944
19,417
-17,296
-69,388
-68,892
-70,877
27,355
19,913
-78,815
-80,799
-63,931
-7,8696
44,223
59,603
33,308
8,0062
59,603
33,308
79,447
112,69
119,63
69,029
10,487
-87,249
-97,667
-98,659
-83,28
-26,226
-104,61
-34,164
-15,311
-16,304
69,525
210,42
383,07
398,95
364,72
236,22
112,19
6,0217
-56,985
-108,09
-191,43
-234,1
-256,43
-250,47
-275,77
-259,9
-255,93
-294,63
-331,34
-315,96
-170,6
-69,388
-24,242
19,913
6,0217
1,0605
-2,9084
31,324
91,85
151,38
182,14
149,4
101,77
52,161
4,5334
-31,187
-19,776
-6,3813
8,5023
42,238
104,25
136,5
210,92
260,53
273,43
246,14
237,71
190,08
161,8
154,36
135,51
72,998
73,494
20,409
-58,474
-41,11
5,5256
32,812
69,525
64,068
39,262
34,797
-2,9084
-0,42784
-25,73
42,735
54,641
0,5644
-77,326
-156,21
-179,03
-211,28
-250,47
-290,66
-262,87
-211,28
-240,55
-204,33
-122,47
-74,846
-63,435
-53,016
-89,233
-102,13
-148,77
-141,82
-19,776
87,881
169,24
133,52
199,01
233,24
174,21
129,56
112,19
108,22
75,478
8,0062
-0,92396
-8,8619
-52,024
-68,396
-134,88
-170,1
-159,68
-157,2
-152,24
-144,3
-140,83
-154,22
-126,94
-118,01
-138,85
-111,56
-49,048
-51,032
-29,203
-13,327
47,2
75,478
75,975
97,308
156,35
156,35
246,14
261,52
271,94
241,68
235,23
200,5
196,53
197,52
209,93
179,66
142,95
76,967
-14,319
-107,59
-118,01
-122,97
-167,12
-217,23
-348,21
-405,76
-438
-386,41
-339,28
-226,66
-153,73
-73,853
12,471
134,52
238,7
241,18
194,55
131,54
81,928
147,42
210,42
315,1
400,44
429,71
413,34
437,15
538,36
505,12
446,58
326,02
206,95
93,339
-36,645
-71,869
-93,698
-35,652
-23,249
32,812
22,394
-14,319
-129,91
-237,08
-272,3
-310,01
-382,94
-389,39
-307,03
-223,68
-113,54
-130,91
-130,41
-70,877
38,766
141,46
120,13
53,649
-35,652
-138,35
-193,42
-202,84
-239,56
-265,85
-283,71
-275,77
-304,05
-321,42
-342,25
-311
-229,63
-115,03
-56,489
43,231
107,23
212,9
306,17
368,68
354,79
335,44
315,6
313,62
321,55
301,71
227,79
170,24
144,44
111,7
113,18
145,93
121,62
95,323
98,796
157,83
69,525
107,23
129,56
185,62
101,77
66,052
21,401
-51,032
-106,1
-141,33
-212,27
-267,34
-269,82
-299,59
-328,86
-340,27
-360,61
-356,64
-381,94
-373,01
-283,71
-129,42
-47,559
6,0217
41,742
37,277
183,63
259,04
233,24
145,43
73,494
25,866
-70,877
-105,11
-151,25
-182,5
-215,74
-189,95
-119,99
-44,582
66,548
128,07
153,87
142,45
133,03
140,97
135,01
114,18
104,25
149,4
227,79
320,56
342,39
393,99
356,78
278,39
248,13
208,44
94,827
-24,738
-147,78
-244,02
-217,73
-217,73
-94,194
-52,024
-45,079
-103,62
-188,95
-257,91
-297,6
-306,04
-288,67
-229,14
-177,54
-124,95
-60,954
2,5489
68,533
105,25
98,3
79,447
72,502
105,74
114,67
126,58
125,59
130,05
105,25
89,37
40,254
-13,823
-25,234
-10,35
44,719
97,804
182,14
199,51
171,73
177,18
189,09
130,55
92,346
70,021
24,874
-41,606
-89,729
-117,51
-91,714
-67,9
-78,319
-107,59
-154,72
-168,12
-171,09
-113,54
-31,187
56,626
98,796
101,28
63,075
82,92
13,96
30,828
10,983
15,448
-10,846
76,967
191,57
223,32
235,23
200,5
194,05
248,13
214,89
151,38
27,851
-34,164
-117,02
-167,62
-248,49
-267,84
-316,46
-327,87
-319,93
-320,42
-339,28
-393,85
-334,32
-206,81
-136,86
-28,707
39,758
92,346
144,44
188,1
213,4
216,38
206,95
185,12
102,27
2,5489
-71,373
-104,61
-43,094
44,719
143,94
170,24
250,11
363,72
433,18
406,89
339,41
234,73
144,94
56,13
78,455
49,68
52,657
77,959
87,881
137,99
152,38
98,3
15,448
-108,58
-269,32
-378,97
-487,12
-541,69
-502
-462,31
-317,94
-254,44
-183,5
-61,947
-36,148
-44,582
-95,187
-112,55
-124,46
-125,95
-122,47
-115,53
-97,667
-134,88
-112,05
-85,264
-79,311
-90,225
-73,357
-32,179
11,479
126,08
204,47
245,65
315,6
404,9
436,16
376,62
260,53
156,35
88,874
89,866
140,97
224,81
260,53
249,62
164,78
74,486
-14,815
-59,962
-72,861
-44,582
-63,435
-88,737
-75,838
-107,59
-89,233
8,0062
158,33
272,93
330,48
329
304,69
225,8
146,92
114,67
25,866
-60,954
-163,15
-161,67
-220,21
-215,74
-225,67
-176,55
-153,23
-123,96
-80,303
-76,334
-55,497
4,0372
59,106
74,982
39,262
-32,179
-142,81
-216,74
-194,91
-123,96
-34,164
55,138
126,08
205,46
232,75
248,13
216,38
158,33
88,874
-7,8696
-39,125
-22,753
-44,086
-87,249
-189,45
-232,12
-149,76
-128,43
-130,41
-128,92
-147,28
-128,92
-85,264
-89,729
-62,939
-51,528
-91,218
-57,978
5,0295
47,2
69,525
122,61
103,26
106,24
105,74
139,48
157,83
160,31
174,21
124,59
128,07
163,79
172,72
162,8
153,37
138,49
94,331
67,044
49,68
49,68
56,13
63,075
0,5644
-33,668
-33,668
-45,079
4,5334
-26,722
-118,5
-215,25
-285,7
-269,82
-237,08
-131,4
-72,365
-47,559
-54,009
-54,009
-43,59
-57,978
-106,1
-201,36
-276,27
-280,74
-207,81
-131,9
-78,815
-16,8
37,277
69,029
85,897
105,25
57,122
58,114
22,89
36,781
67,044
62,579
86,393
143,94
110,7
52,657
13,463
6,5178
-5,8851
-15,311
-33,668
-18,288
10,487
33,804
-21,265
15,448
45,215
94,331
228,78
218,86
162,3
147,42
121,12
97,804
75,478
58,61
67,54
57,122
-20,273
72,502
153,37
242,67
267,97
292,78
257,55
227,79
222,83
239,2
225,8
189,59
134,52
128,07
92,843
39,758
-54,505
-144,3
-162,66
-217,23
-200,36
-195,4
-193,91
-163,65
-161,67
-99,652
-70,877
-90,722
-149,76
-208,8
-211,28
-109,08
-25,234
31,82
67,044
60,595
46,207
17,432
28,347
52,657
77,959
98,796
77,959
-20,273
-132,4
-132,89
-155,71
-196,39
-240,05
-188,46
-167,62
-162,66
-223,68
-176,55
-100,64
-71,869
-64,923
-69,388
-76,83
-43,59
39,262
149,9
208,44
246,64
279,38
290,3
239,69
238,7
224,31
218,86
182,14
137
58,61
20,409
-6,8774
-10,35
-11,342
-12,831
-26,722
-27,714
-100,15
-180,02
-195,4
-157,2
-23,249
121,12
239,2
261,03
288,31
324,03
314,61
272,44
192,07
105,25
50,176
19,913
-79,311
-94,194
-144,8
-229,14
-267,84
-219,71
-260,89
-318,44
-360,61
-395,83
-356,15
-277,26
-160,67
-20,273
75,975
100,28
68,533
9,4945
25,866
85,897
148,41
156,35
153,87
150,89
138,49
119,63
71,013
48,688
33,804
42,238
29,339
10,983
14,952
77,959
178,18
327,01
383,57
426,23
365,71
321,06
311,63
298,24
228,28
153,87
26,859
-20,769
72,006
95,323
72,006
53,649
2,0528
-50,04
-164,15
-326,87
-494,56
-574,93
-559,55
-365,57
-237,57
-198,88
-193,42
-200,36
-187,96
-135,87
-199,87
-298,6
-366,56
-304,05
-238,07
-170,6
-86,753
-57,482
-29,699
40,254
67,044
76,967
114,67
164,78
250,11
312,62
326,02
323,04
287,32
233,74
164,28
113,68
116,16
116,16
143,94
116,66
126,08
188,59
218,86
251,1
280,38
306,17
250,61
149,9
61,587
7,5101
-53,513
-50,536
-96,675
-151,25
-192,43
-195,4
-167,12
-195,9
-191,43
-133,39
-160,18
-132,89
-122,97
-140,33
-143,31
-112,55
-110,07
-115,03
-70,877
-38,133
-41,11
7,5101
88,377
137
111,7
149,4
172,72
181,15
156,35
142,45
108,72
86,889
37,277
44,719
26,859
65,556
4,0372
-22,753
-16,8
-13,823
-16,304
-28,707
-56,985
-61,947
-99,652
-128,43
-172,58
-119,5
-62,939
8,5023
104,75
137,49
187,6
238,7
259,54
299,23
275,91
224,81
133,03
24,378
-72,861
-64,427
-55,993
8,5023
24,378
20,905
26,859
-17,296
-92,706
-97,667
-84,272
-76,334
-99,156
-143,81
-178,53
-152,24
-167,62
-199,37
-257,42
-202,84
-134,88
-127,93
-80,799
-76,83
-79,807
-72,861
-93,202
-76,83
-67,404
15,944
118,14
136
65,06
134,02
165,77
236,22
301,21
334,95
279,38
227,79
215,88
221,34
192,56
178,18
149,4
150,39
114,18
108,22
134,52
124,1
211,91
261,52
353,8
300,22
172,72
107,73
-5,389
-139,34
-218,72
-272,3
-310,01
-294,63
-288,67
-238,07
-244,52
-178,53
-214,75
-283,71
-319,93
-206,81
-132,89
-25,73
84,905
153,87
187,11
216,87
186,61
138,49
58,61
49,68
-19,28
5,0295
-43,094
-40,117
-34,164
19,913
76,967
91,85
66,052
91,354
103,26
76,471
-3,4046
-68,892
-116,02
-179,03
-272,3
-241,54
-233,6
-214,75
-176,05
-55,497
-10,846
-11,342
0,5644
60,099
101,28
117,65
110,7
109,21
109,71
162,8
141,96
176,69
184,13
210,92
179,17
175,2
117,65
72,006
52,161
73,99
82,424
81,432
43,231
4,5334
-68,892
-61,45
-174,07
-291,65
-258,91
-87,249
-1,4201
49,68
68,533
117,15
97,804
32,812
-46,071
-110,57
-194,91
-213,76
-247,99
-221,7
-224,18
-209,79
-195,4
-139,84
-33,668
47,2
114,67
187,11
162,8
90,362
56,13
83,912
100,28
101,77
59,106
135,01
113,68
129,06
143,45
120,13
123,6
107,23
26,859
-51,528
-101,14
-132,89
-173,57
-113,54
-35,652
95,323
198,52
150,89
106,24
209,43
250,61
274,92
322,05
361,24
328
267,97
164,28
76,967
49,68
46,703
-28,707
-120,49
-175,06
-214,26
-157,7
-79,807
-49,544
11,479
66,052
65,556
13,463
-23,249
-66,908
-114,04
-140,33
-132,4
-124,46
-93,202
-66,908
-42,598
-104,61
-140,83
-163,65
-96,675
-17,792
-18,288
-51,528
-8,3657
23,882
117,65
191,57
195,04
182,14
164,78
93,339
85,897
40,254
24,378
6,5178
29,835
80,936
124,59
129,06
116,16
97,308
86,393
72,998
55,634
-27,218
-81,791
-124,46
-142,32
-140,33
-157,7
-157,2
-101,14
-22,257
1,5566
-19,28
-44,086
-76,334
-75,838
-77,326
-54,009
-52,52
-30,691
13,96
-8,3657
-42,598
-5,8851
134,02
210,92
201
175,69
137,99
181,65
207,45
222,83
179,66
138,49
2,5489
-119
-120,49
-63,435
19,913
78,455
8,9984
-114,04
-139,34
-169,6
-235,59
-244,02
-183,99
-78,815
-113,54
-59,962
-41,606
-6,8774
-12,831
57,122
29,339
-36,148
-112,05
-133,39
-64,427
66,052
169,74
244,66
265
204,47
184,62
124,59
104,25
103,76
36,781
-41,606
-115,03
-192,92
-218,72
-158,69
-96,675
-15,808
61,587
84,409
102,76
135,51
153,37
200
162,3
153,37
97,804
25,866
-61,45
-75,342
-117,02
-141,82
-155,22
-78,815
-18,784
-31,187
-60,954
-17,792
-14,815
-13,823
-41,606
9,9907
58,114
92,843
62,083
65,556
92,843
91,85
49,184
119,63
104,75
40,75
-5,389
-52,024
-45,079
38,766
106,73
116,16
141,96
115,17
120,13
157,34
154,86
140,47
87,385
89,37
31,324
25,37
-0,42784
4,5334
14,456
48,688
0,06828
-64,427
-62,443
-74,35
-87,249
-99,652
-116,02
-109,08
-72,365
-26,226
-4,8929
-15,311
-14,815
-16,8
-34,164
-68,396
-33,668
-30,195
42,238
28,347
-67,9
-49,048
-32,179
-23,745
-13,823
61,587
132,53
142,95
74,982
33,804
34,3
79,943
114,18
91,354
99,292
94,827
53,153
95,819
111,2
87,385
39,262
-72,365
-201,85
-277,26
-243,53
-40,613
120,13
243,17
339,41
431,69
397,46
326,02
142,45
-46,071
-168,61
-212,27
-251,96
-229,14
-251,46
-167,62
-1,9162
183,14
187,11
57,122
-32,676
-76,334
-151,74
-272,8
-361,6
-332,33
-233,6
-117,02
-74,35
-81,295
-93,698
-107,59
-196,39
-266,35
-272,3
-177,05
-132,4
-81,791
-81,295
-6,3813
56,13
145,43
152,38
113,68
81,928
99,788
101,77
107,73
104,25
115,17
172,22
196,04
154,86
124,1
71,013
105,25
125,09
119,63
29,835
-50,04
-72,861
-135,37
-225,17
-198,88
-79,311
-59,962
-72,861
-99,156
-124,46
-76,83
-56,985
13,463
83,416
146,42
100,28
76,967
39,758
121,62
209,93
312,62
323,54
279,38
254,08
274,42
254,08
201,99
93,339
57,618
60,595
61,091
-44,086
-34,66
-91,218
-133,88
-137,36
-102,63
-94,194
-112,55
-83,28
-8,8619
-4,8929
-21,265
-61,45
-87,745
-91,218
-102,13
-84,768
-199,37
-270,81
-219,71
-106,6
-24,242
6,0217
61,587
34,797
145,43
205,46
245,15
241,68
143,45
27,851
-103,62
-242,04
-293,63
-331,34
-308,02
-246,5
-183,99
-170,1
-56,985
113,18
190,08
103,76
48,688
-10,846
36,285
156,84
240,19
384,56
491,72
527,94
492,22
370,17
278,89
137,49
117,15
65,556
-1,9162
-152,74
-241,54
-345,73
-376,49
-302,07
-196,89
-182,01
-209,79
-310,01
-343,25
-367,06
-275,77
-207,81
-55,497
45,711
13,463
-8,8619
51,169
107,73
95,819
113,68
152,87
135,01
125,09
58,114
19,417
10,487
16,936
-35,156
-57,978
-139,34
-137,85
-201,85
-174,57
-217,73
-99,652
22,394
130,05
182,64
203,97
137,99
166,76
112,19
99,788
117,65
183,63
235,72
212,9
122,11
81,928
72,502
96,315
35,293
-65,419
-133,88
-197,39
-345,73
-408,24
-471,24
-386,41
-300,08
-140,33
28,843
223,32
206,95
216,38
171,73
205,96
235,23
277,4
241,68
238,7
129,06
130,55
182,14
288,81
361,74
360,25
310,14
87,881
-82,287
-122,47
-94,194
-83,776
-134,38
-186,47
-270,81
-210,78
-210,78
-207,31
-189,95
-183,99
-304,55
-329,35
-312,98
-231,12
-128,92
-24,738
-72,365
-149,76
-179,53
-192,43
-215,25
-164,15
-199,87
-251,46
-222,69
-101,14
4,5334
40,254
31,324
57,618
105,74
167,26
236,72
351,32
396,47
471,88
483,78
485,77
460,96
449,06
396,96
360,75
255,07
184,13
96,812
-0,42784
10,983
-17,296
-75,838
-107,09
-171,09
-208,3
-243,53
-257,42
-305,04
-327,87
-416,67
-407,25
-386,41
-313,48
-252,95
-181,51
-148,77
-96,675
-75,838
-82,287
-99,156
-40,613
43,231
128,56
145,93
131,54
39,758
7,0139
-124,46
-159,19
-121,98
45,215
144,94
218,36
328,5
327,51
180,16
122,61
31,82
-8,8619
-13,823
46,703
57,618
-28,211
-85,264
-186,97
-186,47
-166,13
-132,4
-114,04
-183
-188,46
-237,57
-177,05
-119
-51,528
0,06828
46,207
67,54
104,25
133,52
211,91
270,95
315,6
288,81
331,48
311,13
268,47
211,91
132,53
79,447
50,672
37,773
55,138
59,106
39,262
51,665
177,18
143,45
198,52
254,08
283,85
243,66
214,89
132,04
86,889
-8,3657
-83,776
-181,02
-302,07
-402,78
-458,84
-485,63
-520,36
-572,95
-513,42
-428,08
-346,22
-341,76
-334,32
-332,33
-255,93
-243,03
-154,22
-18,784
72,998
201
249,12
275,41
288,31
266,48
250,61
206,95
242,67
232,25
172,22
47,2
54,145
-2,4123
-5,8851
-6,8774
35,789
22,89
59,106
29,835
-5,8851
-86,256
-83,776
-29,203
62,083
75,478
54,641
-1,4201
1,5566
31,324
68,533
75,975
33,804
-65,916
-134,88
-177,05
-124,95
-124,46
-45,575
34,797
44,223
-40,117
-135,37
-149,76
-160,18
-157,7
-104,12
-67,404
0,06828
18,425
98,796
109,21
63,075
-8,3657
-40,117
-67,404
-39,125
25,37
38,269
82,92
112,69
93,835
145,43
175,2
182,14
144,44
122,61
39,758
61,587
130,55
191,57
168,25
131,04
25,866
-15,311
-62,939
-20,273
12,471
37,773
-48,551
-151,25
-254,94
-333,32
-340,27
-293,14
-336,3
-305,54
-296,61
-217,73
-199,37
-180,02
-112,55
-70,877
10,983
41,742
53,153
77,959
65,556
59,106
18,425
10,487
-7,8696
-5,389
44,223
111,7
181,15
278,39
359,75
411,35
360,75
305,18
181,15
115,66
-20,273
-41,606
-34,164
17,432
-36,645
-73,853
-135,87
-141,33
-175,56
-119,5
-142,81
-140,33
-166,63
-128,43
-170,6
-218,22
-252,95
-199,87
-124,46
-68,396
-99,652
-139,34
-236,08
-257,42
-240,55
-251,46
-248,98
-208,8
-52,024
169,74
331,97
443,1
426,23
427,23
328
265,99
181,15
130,05
-0,42784
19,417
6,0217
76,967
125,09
271,94
307,17
344,37
248,13
144,94
-24,242
-83,28
-110,07
-140,83
-200,86
-161,67
-112,55
-41,606
-50,04
-19,28
-16,304
-45,575
-142,32
-314,97
-491,09
-495,55
-366,56
-130,41
-23,249
54,641
86,889
180,16
177,68
210,92
208,44
163,29
137
89,866
62,579
62,083
33,804
-14,319
-45,575
-8,3657
-45,575
9,4945
62,579
171,73
98,796
53,153
-69,388
-123,96
-156,71
-129,42
-153,73
-103,62
-133,39
-89,729
-75,838
-65,916
-77,822
-96,179
-85,264
-33,172
30,828
178,18
272,44
356,78
368,19
378,61
320,07
266,48
127,07
91,85
21,401
9,9907
19,417
-44,582
-93,202
-4,8929
-17,296
11,479
-5,8851
-45,575
-179,53
-254,94
-286,19
-255,43
-146,29
-154,22
-192,92
-202,84
-208,8
-190,44
-202,35
-219,22
-311,99
-312,98
-262,38
-208,3
-92,706
11,479
35,293
37,277
-48,055
-101,14
-64,923
53,649
137
295,26
357,27
447,57
491,23
478,82
417,8
381,09
316,1
253,59
173,21
130,55
70,517
19,913
-119,5
-188,46
-181,02
-217,73
-299,59
-349,7
-376,49
-313,98
-265,85
-203,34
-147,78
35,789
138,49
185,12
191,07
109,21
-25,73
-22,257
-22,257
43,727
62,083
56,13
-33,668
-107,59
-173,57
-162,16
-189,45
-139,84
-156,21
-135,87
-176,05
-216,24
-238,57
-196,39
-200,36
-170,6
-172,09
-105,11
-91,714
-22,257
2,0528
116,16
138,98
143,45
125,09
96,315
51,665
106,73
84,409
135,51
232,25
388,53
454,51
482,79
423,75
322,55
140,47
20,409
-71,869
-76,334
-112,05
-180,52
-271,8
-323,4
-376,49
-317,94
-279,25
-208,3
-63,435
46,703
81,928
35,789
-11,342
-7,8696
-5,8851
85,897
151,88
186,61
158,33
123,11
12,471
-43,094
-51,032
62,083
144,94
197,52
204,97
239,2
120,63
103,76
-2,4123
18,921
21,401
8,5023
-105,11
-183,5
-126,94
-64,923
-82,287
-72,861
-92,21
-119,99
-149,26
-208,3
-217,73
-251,96
-307,03
-235,09
-190,94
-128,92
-90,722
-17,296
-15,808
2,5489
-27,218
-47,063
-20,769
68,533
148,41
246,64
242,17
280,87
233,74
265,49
317,58
348,84
272,93
190,08
84,905
-29,203
-137,85
-224,67
-293,63
-302,56
-300,08
-207,31
-142,81
-107,09
-105,61
-24,242
29,339
2,5489
-45,079
-39,621
-66,908
-79,807
-100,64
-70,877
-39,125
12,967
38,269
76,471
98,3
66,052
108,72
63,572
49,184
-5,8851
-123,47
-184,49
-240,55
-232,61
-180,52
-90,225
-61,947
25,866
0,5644
25,866
-27,714
-53,513
-16,304
28,843
85,897
119,14
156,84
212,41
218,86
324,03
378,11
443,6
390,51
323,54
206,95
132,04
81,432
57,122
-77,822
-180,52
-238,07
-245,01
-342,75
-349,7
-331,84
-312,49
-290,16
-260,39
-194,41
-127,93
-145,29
-75,342
-79,311
-103,12
-131,4
21,898
144,94
193,06
218,86
228,28
223,32
184,62
137,49
210,42
212,9
220,35
223,82
170,24
75,478
-13,327
-121,48
-135,37
-246,01
-257,42
-291,15
-410,22
-310,5
-252,95
-262,87
-162,66
-48,055
-4,8929
-38,629
-21,265
-69,388
8,5023
40,254
62,579
19,417
102,27
284,84
479,82
554,23
542,33
401,43
334,45
209,93
81,432
17,929
-69,388
-178,04
-218,22
-278,25
-307,03
-314,97
-268,33
-263,37
-144,3
-73,357
-14,815
-20,273
-15,311
-45,575
-27,714
-71,869
-92,706
-180,02
-149,26
-67,9
20,409
102,76
237,71
211,42
209,93
179,66
143,45
52,161
-19,776
-108,09
-116,52
-183,99
-200,36
-183,99
-190,94
-154,72
-7,3735
38,269
47,696
20,905
11,479
73,99
164,28
270,45
386,55
362,24
304,19
185,62
75,478
-79,311
-122,47
-134,38
-90,722
-52,024
-71,373
-122,97
-72,365
-101,64
-136,86
-179,03
-115,53
2,0528
50,672
47,2
-11,839
-50,536
-64,427
-83,776
-83,28
-124,95
-134,38
-193,91
-170,6
-180,02
-135,37
-71,373
-9,358
55,138
176,69
133,52
111,7
102,76
121,12
41,742
-2,9084
-64,923
-112,05
-182,01
-274,29
-315,46
-213,26
-80,799
9,4945
77,463
101,28
93,339
94,331
111,7
91,354
65,556
55,138
41,246
60,595
132,53
147,42
106,73
45,215
-27,714
-57,978
-146,78
-169,6
-211,28
-232,12
-212,77
-78,815
12,967
141,46
201
248,62
225,8
193,55
180,66
164,28
164,78
68,037
-82,287
-143,81
-178,04
-198,88
-202,35
-201,36
-155,71
-120,49
-148,27
-150,26
-211,77
-183
-104,61
-19,28
-8,8619
48,192
102,76
174,21
174,7
135,01
59,603
127,57
198,52
322,55
413,83
424,75
379,6
271,94
124,1
33,804
-48,055
-112,05
-109,08
-27,714
-3,9007
-13,823
-113,54
-218,72
-330,84
-354,16
-384,42
-358,13
-310,5
-57,978
83,416
201,99
200
83,912
-60,954
-77,822
-110,07
-130,41
-86,256
-38,133
60,099
124,59
118,64
58,114
-37,637
-55,497
-55,001
4,5334
72,006
74,982
13,463
-9,358
16,44
92,843
137,99
243,17
237,21
185,12
54,145
73,99
149,9
338,42
375,63
284,34
98,796
7,0139
-75,342
-158,69
-240,05
-212,77
-286,69
-365,08
-383,43
-199,87
-121,48
-39,621
-7,8696
-5,8851
-93,698
-83,776
-122,47
-99,156
-100,64
-116,52
-142,81
-120,49
-157,2
-204,83
-263,37
-269,32
-331,84
-367,06
-399,8
-370,04
-263,87
-153,73
-83,28
-51,032
-47,063
7,0139
62,579
157,83
192,07
242,67
259,54
377,12
467,91
463,44
417,8
305,68
286,83
242,17
177,18
115,66
19,417
-21,761
-71,373
-79,807
-53,513
13,463
56,13
100,28
183,14
228,28
263,01
239,2
217,86
185,12
87,881
43,727
-100,64
-167,62
-228,15
-305,54
-370,53
-422,13
-566,5
-591,8
-575,93
-568,48
-539,21
-491,59
-448,42
-355,65
-238,07
-138,85
-50,536
17,929
59,603
159,32
236,72
380,59
522,48
569,61
542,82
570,61
471,88
374,14
216,38
120,63
46,207
-4,8929
-43,59
41,246
28,347
28,347
-23,745
-93,202
-129,91
-115,53
-95,187
-84,272
-162,66
-217,23
-285,7
-200,86
-104,12
58,61
126,08
175,2
151,88
170,73
280,87
394,98
387,04
379,1
232,75
102,76
-17,296
-130,41
-221,7
-242,53
-259,9
-197,88
-89,729
12,967
10,487
11,975
62,083
89,866
78,951
35,293
39,262
90,362
114,67
112,19
43,231
-15,311
-113,05
-135,37
-83,28
-25,73
65,556
98,796
100,78
87,385
-23,745
-149,26
-267,84
-253,45
-242,53
-174,07
-151,74
-142,81
-96,179
-91,218
-112,55
-148,27
-154,22
-172,09
-160,67
-223,19
-255,93
-184,98
-104,61
22,89
162,3
255,07
278,89
323,04
304,19
275,91
146,42
100,28
102,76
134,52
109,21
26,363
-116,52
-93,698
-37,637
12,967
56,626
23,386
-5,8851
21,401
0,06828
-7,8696
-21,761
17,929
25,866
125,59
260,03
305,18
341,89
362,24
285,34
138,98
-49,048
-210,29
-326,87
-335,31
-253,45
-85,76
-55,497
-38,629
-93,202
-184,49
-243,03
-228,15
-284,21
-319,43
-368,55
-334,81
-311,49
-256,43
-296,11
-98,163
157,83
341,89
426,23
409,37
253,09
170,24
86,889
113,68
101,28
63,075
77,463
111,2
70,021
37,277
32,316
89,37
73,494
104,25
124,1
79,943
-36,148
-105,61
-62,443
-30,691
44,223
119,14
89,866
43,231
-25,234
-82,784
-77,822
-119
-155,22
-74,35
-71,373
-17,792
-0,92396
11,479
-36,148
-30,691
-19,28
10,983
-7,3735
-31,187
-99,156
-128,92
-197,39
-249,48
-297,6
-189,95
-77,822
21,898
132,53
190,58
196,53
219,85
279,88
360,75
411,85
440,13
369,68
308,16
184,13
129,56
33,308
57,618
101,77
89,37
67,54
39,758
-67,404
-93,698
-107,59
-100,64
-149,26
-115,53
-199,87
-217,23
-254,94
-223,19
-270,81
-271,31
-285,2
-285,2
-240,05
-63,931
89,37
284,34
438,64
466,92
410,85
351,82
276,41
243,66
212,9
190,08
119,63
84,905
25,37
-2,4123
37,773
88,874
182,14
247,14
171,73
64,564
-114,54
-240,05
-285,2
-262,38
-275,28
-324,89
-377,48
-353,66
-300,08
-239,06
-237,57
-245,51
-201,85
-74,35
-41,11
-40,613
-103,62
-157,2
-150,26
-87,249
-59,962
-30,195
-66,908
-31,187
-14,319
32,812
66,052
108,22
123,11
158,33
172,72
162,8
135,01
134,02
237,21
280,87
317,09
337,93
284,34
255,07
58,114
-71,373
-161,67
-191,93
-268,83
-249,48
-187,46
-163,15
-222,19
-246,5
-238,07
-210,78
-196,39
-124,95
-66,908
38,269
36,781
147,42
250,11
288,31
268,47
173,71
101,77
128,56
232,25
277,89
305,68
333,96
343,88
292,28
143,94
20,905
-124,46
-190,94
-231,12
-185,98
-155,22
-60,954
13,96
94,827
156,35
177,18
120,13
72,006
33,804
4,5334
-93,698
-192,43
-269,82
-344,24
-424,11
-383,93
-360,61
-209,29
-73,357
50,176
81,432
111,2
106,24
148,9
132,53
38,766
-38,133
-90,722
-159,19
-195,4
-177,05
-156,71
-185,48
-154,22
-181,51
-68,396
184,62
312,62
387,54
327,51
310,64
283,35
175,2
76,471
-43,59
-129,42
-200,86
-290,16
-315,96
-356,15
-366,07
-291,65
-200,86
-176,05
-131,9
-91,714
-43,094
1,0605
93,339
153,87
165,28
177,18
150,39
135,01
130,55
156,84
299,23
456
495,69
467,41
387,04
264
150,89
103,26
25,37
-82,784
-162,16
-212,77
-284,21
-341,76
-370,04
-333,32
-289,17
-213,26
-217,73
-224,67
-299,59
-156,71
-65,916
72,998
171,23
210,42
186,11
158,83
115,66
72,502
50,672
162,3
230,76
224,81
258,55
198,02
52,657
-2,4123
-21,265
-81,295
-92,21
-61,947
-79,311
-84,272
-135,37
-55,497
-146,29
-148,77
-151,25
-103,62
-137,36
-162,16
-186,47
-191,93
-216,74
-227,65
-221,7
-156,71
-26,722
140,47
284,34
451,04
541,83
613,77
644,53
622,2
525,95
437,65
259,04
140,97
-13,823
-175,56
-322,91
-354,16
-412,7
-536,73
-687,06
-688,05
-533,26
-332,83
-55,993
59,106
127,57
149,4
66,052
0,06828
0,06828
-3,4046
-65,419
-61,45
-121,48
-181,51
-277,26
-325,88
-290,66
-211,28
-151,74
-90,225
-122,47
-194,91
-236,08
-131,4
-11,839
119,63
209,93
280,38
290,3
323,54
377,12
426,73
527,44
608,81
644,53
644,53
593,43
477,33
337,93
210,92
19,417
-138,35
-311,49
-375
-434,04
-524,33
-561,54
-482,16
-480,67
-436,02
-375,99
-355,15
-361,6
-368,05
-333,32
-293,14
-201,85
-94,69
-24,738
-10,35
41,742
93,339
127,07
155,35
161,8
113,18
66,052
112,19
191,57
215,88
196,53
291,29
311,63
348,34
318,08
191,57
159,32
69,525
40,254
41,246
32,316
-44,086
-101,64
-89,729
-21,761
78,455
217,37
176,69
137
107,23
17,929
-36,148
-32,676
-99,652
-218,22
-318,94
-415,18
-481,17
-572,95
-604,7
-544,17
-448,42
-313,48
-184,98
-64,427
17,929
35,293
79,943
111,7
129,06
91,354
16,936
-27,218
-13,823
-21,761
40,75
151,88
207,45
185,12
196,04
262,52
300,22
281,37
253,09
170,73
118,14
32,812
71,013
-2,9084
-86,753
-158,19
-139,84
-89,729
42,735
59,603
-2,4123
-96,675
-155,71
-208,8
-171,09
-112,55
-24,738
-31,683
49,184
23,882
-14,319
-58,97
-33,668
-40,613
-13,823
-124,46
-144,8
-178,04
-149,76
-157,7
-128,92
-109,57
-18,784
48,192
102,76
58,114
-42,102
-129,91
-76,83
-109,08
-56,985
-46,071
13,463
18,921
41,246
64,068
166,27
293,27
310,14
227,79
166,76
110,7
52,657
155,35
206,95
262,52
206,95
7,5101
-95,683
-144,8
-148,27
-117,51
-96,179
-123,96
-95,683
-166,13
-175,56
-164,64
-161,67
-207,31
-211,77
-172,58
-79,311
-1,4201
-28,707
-55,993
-55,001
-100,64
-140,83
-224,18
-263,87
-208,3
-175,56
-101,64
-76,83
-88,241
-80,303
-114,54
-132,4
-114,54
-123,96
-134,38
-122,47
-180,52
-158,19
-151,25
-122,47
-116,02
-10,846
66,548
129,06
164,78
191,57
148,9
124,59
143,45
317,09
464,93
487,75
423,75
520,5
715,97
782,45
711,01
573,58
407,88
217,37
3,045
-164,64
-363,59
-539,21
-727,24
-696,48
-664,73
-615,12
-532,76
-410,72
-487,62
-524,33
-479,18
-363,09
-298,6
-182,01
-166,13
-87,745
-41,606
-22,753
-36,148
-20,273
-41,11
7,0139
-17,296
-38,133
-5,8851
55,634
110,7
236,72
402,42
504,62
505,61
449,55
323,54
171,73
39,758
-91,714
-129,91
-114,04
-33,668
-18,288
-59,466
-96,179
15,448
95,819
87,881
142,45
159,32
228,28
125,09
28,347
-42,102
-26,226
-23,249
-62,939
-122,47
-160,67
-64,923
7,0139
21,898
33,308
-10,846
-119,5
-194,41
-288,67
-330,84
-260,89
-178,53
-87,249
-38,629
72,502
121,62
92,843
36,781
-12,335
-86,753
-94,69
-115,53
-112,55
-110,57
-140,33
-144,8
-64,923
-57,482
-62,443
-120,49
-184,49
-185,98
-117,51
-100,64
9,4945
129,56
257,55
291,29
347,35
406,39
444,09
391,51
288,31
288,31
400,44
476,84
480,81
403,41
262,02
114,67
-89,233
-286,69
-396,83
-501,01
-579,89
-679,12
-717,32
-692,02
-598,75
-513,42
-394,84
-373,51
-302,56
-276,77
-264,86
-147,78
-73,357
-55,497
41,246
82,424
118,14
186,11
204,97
117,15
139,48
117,15
118,14
72,998
105,25
80,936
77,959
5,5256
-11,342
-47,063
-74,846
-100,64
-92,21
-81,295
-49,048
-53,513
-55,497
51,169
109,21
251,6
424,25
760,12
1041,9
1076,2
974,45
863,81
828,59
658,42
494,7
340,9
140,97
-34,164
-138,35
-276,77
-327,37
-432,05
-485,14
-539,21
-504,98
-603,71
-670,19
-717,82
-733,2
-752,54
-725,26
-718,81
-675,65
-601,72
-473,73
-371,03
-306,04
-316,95
-243,53
-132,89
-37,637
134,52
282,86
369,18
439,63
448,56
363,72
288,81
289,8
322,55
530,42
696,62
805,27
792,87
739,78
581,52
386,55
278,39
151,38
86,889
72,006
-32,179
-110,57
-225,17
-342,25
-368,05
-312,98
-251,96
-164,64
-112,55
-85,264
-117,02
-182,01
-276,27
-364,08
-437,51
-570,96
-687,55
-625,54
-553,6
-477,69
-422,13
-361,11
-155,71
44,719
194,05
284,34
293,27
283,85
222,33
185,62
133,03
112,69
53,649
130,55
87,881
122,61
107,23
83,416
50,176
15,944
23,386
67,044
138,98
242,17
192,07
69,525
-66,908
-86,753
-132,4
-183,99
-185,98
-122,47
-145,79
-81,295
-219,71
-220,7
-243,03
-73,853
131,54
237,71
245,15
218,36
163,29
77,959
-30,195
-22,257
-9,358
73,99
88,874
166,27
156,84
182,64
172,22
133,52
76,471
30,828
23,386
-47,559
-128,92
-136,36
-55,001
-58,474
-63,931
-50,536
-63,931
-61,947
-84,768
-111,06
-68,396
36,781
59,106
102,76
210,92
327,01
394,98
429,21
313,12
201,99
16,44
9,9907
-38,629
-18,288
3,5411
-55,993
-152,74
-234,1
-297,11
-277,76
-297,6
-271,31
-256,43
-241,05
-245,01
-261,88
-295,12
-369,54
-358,63
-193,42
-32,179
151,88
280,87
344,37
293,27
202,48
79,447
-47,063
-156,71
-212,77
-278,25
-306,53
-373,01
-408,24
-397,32
-306,04
-180,52
-74,35
-38,629
62,083
104,25
183,14
233,74
326,51
446,58
603,85
676,77
638,57
732,84
726,88
593,92
417,3
229,77
83,912
13,463
40,75
-13,327
-61,45
-189,45
-287,68
-375,99
-262,87
-166,63
-72,365
-56,985
1,0605
11,479
-3,4046
-94,194
-114,54
-86,256
-71,373
-116,02
-141,82
-222,19
-257,91
-262,38
-263,37
-329,35
-290,66
-167,62
-31,187
22,394
95,819
95,323
41,246
-23,249
-18,288
-6,3813
-29,203
-57,978
-100,15
-20,273
230,76
415,32
532,4
502,14
465,43
378,61
254,08
97,308
45,711
38,766
152,87
159,32
120,63
109,71
92,843
-10,35
-75,838
-189,45
-242,04
-287,18
-283,71
-294,63
-333,32
-348,21
-302,56
-281,23
-210,29
113,68
423,26
450,54
471,38
356,28
216,87
23,882
-93,202
-175,56
-241,05
-356,64
-433,04
-479,18
-546,65
-582,38
-579,89
-563,52
-531,77
-411,71
-399,8
-381,94
-342,25
-326,38
-163,65
-73,853
138,98
360,25
465,92
521,49
563,16
570,11
544,81
572,59
744,25
786,42
731,35
561,68
367,69
169,24
46,207
-146,78
-255,43
-358,63
-363,59
-430,07
-518,38
-598,75
-635,46
-662,75
-650,84
-632,48
-594,78
-518,87
-432,55
-247,5
-26,226
92,346
220,35
186,11
178,67
103,76
103,76
177,68
300,72
335,44
364,22
382,08
341,4
343,88
329
271,45
303,2
332,96
314,61
277,4
339,91
344,87
303,69
333,96
318,08
341,4
255,07
129,56
67,044
25,37
-68,892
-136,36
-206,81
-264,86
-250,47
-273,29
-212,77
-83,28
-4,8929
99,292
264
274,42
238,21
208,44
192,07
30,828
-129,42
-276,77
-355,15
-380,95
-401,29
-445,45
-444,45
-440,98
-433,04
-431,06
-365,57
-271,8
-115,53
6,5178
114,18
181,15
353,31
486,27
586,98
586,48
614,26
528,93
439,13
364,22
288,31
183,63
128,56
75,975
5,5256
-55,497
-57,482
-109,57
-147,78
-262,38
-368,55
-474,72
-537,72
-626,53
-631,99
-573,94
-498,53
-428,08
-300,08
-285,7
-270,81
-281,73
-311,99
-280,74
-183
-67,404
131,04
217,37
287,82
283,35
217,86
188,1
158,33
157,83
203,97
166,27
200
358,27
489,24
529,92
623,69
533,4
424,25
332,47
326,02
335,44
332,47
304,69
293,27
264
202,98
97,804
20,905
-52,024
-107,09
16,44
101,28
122,61
63,572
-32,676
-145,79
-249,98
-316,95
-346,72
-296,11
-314,47
-353,17
-481,66
-550,13
-666,72
-711,86
-733,2
-726,75
-713,35
-676,14
-635,96
-541,69
-434,04
-291,15
-146,29
-3,4046
112,69
178,67
267,48
436,16
655,44
846,94
954,6
1014,1
993,79
898,54
684,71
569,61
573,58
775,01
844,96
854,39
695,63
500,16
294,27
100,78
-77,822
-195,9
-412,21
-521,35
-636,45
-623,06
-616,11
-617,1
-669,69
-623,06
-564,52
-444,45
-369,04
-277,26
-213,26
-157,7
-192,43
-228,64
-273,29
-297,6
-274,29
-205,82
-171,09
-112,05
-30,195
66,548
141,46
216,38
196,04
280,38
464,44
517,02
489,24
494,2
406,89
302,7
323,04
361,74
354,3
426,23
425,74
363,23
254,08
178,67
183,14
209,93
104,75
35,789
-11,342
-51,032
-124,46
-214,26
-336,3
-382,94
-403,77
-425,6
-493,57
-517,88
-506,47
-485,14
-410,22
-333,32
-316,95
-264,86
-268,33
-196,39
-225,67
-217,73
-189,45
-155,22
-154,72
-69,388
-33,668
136
243,66
356,78
394,98
391,01
338,92
288,81
208,44
119,63
38,269
-11,342
-49,544
-13,823
-33,172
-145,79
-223,68
-231,62
-262,87
-148,27
-52,52
65,06
101,28
155,85
148,41
161,31
144,94
114,67
71,509
26,363
-34,164
34,3
109,71
255,57
404,9
509,09
547,78
540,34
531,41
454,51
415,82
411,35
383,57
380,59
345,37
262,02
121,12
14,952
-125,95
-225,17
-368,05
-464,3
-580,89
-574,93
-599,24
-577,91
-568,98
-522,84
-518,87
-461,82
-452,39
-367,06
-324,39
-184,98
-93,698
-37,141
-13,327
-30,691
-84,768
-35,652
-22,753
-18,784
7,0139
140,97
254,08
376,62
405,4
409,37
337,93
281,37
246,14
193,55
260,53
315,6
265
217,86
180,66
136
56,626
109,21
62,579
-10,846
-62,939
-135,87
-217,23
-149,76
-8,8619
192,56
393,99
478,82
398,95
247,14
55,634
-142,81
-251,46
-342,25
-413,2
-432,05
-499,52
-508,95
-543,18
-554,59
-492,58
-327,37
-283,71
-224,18
-176,05
-78,815
-12,335
62,083
166,27
259,04
225,8
214,89
214,39
188,1
127,57
137,99
123,6
128,56
129,56
169,24
152,87
97,804
27,355
13,96
53,153
247,14
379,6
407,88
338,92
265,49
114,67
-8,3657
-38,629
-80,303
-69,388
-13,823
13,463
-0,42784
-103,62
-202,84
-300,58
-326,38
-346,72
-370,53
-338,78
-205,82
-164,15
-139,84
-175,06
-145,29
-151,25
-103,12
-56,985
32,812
0,06828
-42,102
-79,807
-88,737
-147,78
-70,381
132,04
371,66
478,33
586,98
682,23
747,72
671,81
561,18
448,06
370,67
244,66
235,72
98,3
-13,823
-154,72
-217,23
-336,3
-464,8
-507,46
-456,36
-450,9
-395,34
-340,77
-313,98
-298,1
-286,69
-230,13
-98,659
6,0217
163,29
267,97
341,89
384,56
402,42
358,27
301,21
205,96
117,15
98,796
14,952
-52,024
-105,61
-138,35
-50,536
-104,61
-15,808
-27,218
-70,381
-156,71
-156,71
-93,202
1,5566
74,486
160,81
175,69
79,943
-20,769
-178,53
-223,19
-285,2
-267,34
-188,46
-96,179
-32,676
-13,327
-35,652
-41,606
-61,947
7,5101
85,897
172,22
242,17
267,48
270,95
179,17
136,5
219,85
298,24
334,95
399,44
447,07
403,91
276,41
153,87
58,61
10,983
23,386
86,889
58,114
-13,327
-130,41
-176,05
-198,38
-193,42
-228,64
-271,31
-319,43
-309,51
-319,93
-311,99
-303,06
-227,65
-151,25
-106,1
-100,64
-70,877
29,339
95,819
231,26
250,61
183,63
141,96
120,13
105,25
30,332
-26,722
-118,5
-176,55
-221,7
-180,52
-112,55
-126,44
-154,22
-171,59
-176,05
-106,6
-123,96
-35,652
-34,66
3,5411
6,5178
51,169
57,122
149,4
160,81
341,89
512,06
618,73
613,77
567,63
441,61
321,06
167,76
-8,3657
-104,12
-219,71
-251,96
-292,15
-372,02
-412,21
-313,48
-154,22
-137,85
-59,962
-15,808
-16,304
-54,505
-3,4046
-19,776
-65,419
-162,16
-183,99
-205,82
-120,98
-101,64
16,936
-38,629
57,618
81,432
225,8
354,3
469,89
427,23
375,63
283,35
186,61
154,36
148,9
160,31
266,48
320,56
306,67
247,63
156,84
24,874
-99,652
-163,15
-191,93
-224,18
-97,667
-0,42784
63,572
104,25
168,75
143,45
98,3
22,89
-71,869
-217,23
-379,96
-504,98
-569,48
-612,64
-593,79
-607,18
-568,48
-542,19
-374,5
-256,92
-71,869
151,88
253,09
302,7
410,85
473,86
465,92
446,58
435,66
367,2
263,01
101,77
22,89
-23,745
-57,978
-162,16
-192,92
-268,33
-313,98
-384,42
-415,18
-427,09
-446,44
-465,79
-440,98
-386,9
-271,31
-160,18
-3,9007
56,13
54,641
153,87
387,04
459,97
583,01
575,07
538,85
418,79
314,11
184,13
69,029
87,881
289,8
384,56
365,21
250,61
192,56
115,66
137,99
118,14
164,78
184,62
155,35
87,385
6,5178
-108,09
-221,7
-335,8
-396,83
-447,43
-464,8
-532,27
-504,48
-551,12
-522,35
-527,8
-511,43
-425,6
-209,79
-48,055
169,74
263,51
322,05
335,94
378,11
631,63
829,58
824,62
756,65
577,55
445,09
355,29
283,35
180,16
126,08
52,161
11,479
-62,443
-92,706
-120,98
-198,88
-252,95
-273,29
-361,11
-396,83
-552,11
-710,87
-762,96
-696,98
-638,93
-553,6
-473,73
-365,08
-297,6
-194,41
-143,31
-23,249
100,78
208,44
239,2
310,64
326,51
345,86
372,16
482,79
609,8
788,4
989,83
1055,3
1043,4
1043,9
908,96
737,3
507,6
332,47
118,64
-37,141
-262,38
-429,07
-563,52
-618,1
-559,06
-469,26
-440,49
-377,48
-320,92
-202,35
-144,8
-47,063
-58,474
-71,373
-157,7
-113,05
-9,358
139,48
165,28
211,42
359,26
512,56
529,43
467,91
257,06
56,626
-159,19
-333,82
-479,68
-556,08
-610,16
-585,85
-641,41
-610,65
-659,27
-619,58
-544,17
-399,8
-251,96
-86,256
1,0605
72,006
48,192
98,796
148,9
227,29
327,51
569,61
653,95
655,94
648
613,27
656,43
631,63
494,7
381,09
309,15
363,23
354,79
334,45
226,3
170,24
61,587
41,742
-118,5
-254,94
-306,04
-295,12
-237,08
-190,44
-236,08
-250,97
-272,8
-229,14
-86,753
17,432
27,851
13,463
-74,846
-144,8
-297,11
-336,3
-365,08
-355,65
-334,81
-316,95
-303,56
-307,03
-325,88
-330,84
-344,24
-314,47
-302,07
-247
-196,89
-38,629
88,874
231,26
405,4
596,9
759,63
940,21
1027,5
1086,6
1058,8
965,02
753,18
538,36
367,2
213,9
48,192
-44,582
-117,02
-190,94
-325,39
-405,26
-530,78
-579,89
-574,93
-514,41
-469,76
-392,86
-278,75
-177,05
-100,64
-48,551
-95,683
-67,9
-87,745
-40,613
-94,194
-94,194
-105,61
-65,419
-100,15
-128,43
-219,22
-258,91
-275,28
-322,41
-269,32
-125,45
-37,637
168,25
426,23
600,87
635,1
645,02
660,9
638,57
546,79
447,07
421,27
344,87
172,22
35,293
-93,698
-232,12
-296,11
-174,57
-105,11
-41,11
-95,187
-127,93
-222,19
-272,3
-322,41
-273,29
-303,06
-227,65
-234,1
-164,15
-131,9
-102,63
-79,311
-77,822
-80,303
-80,799
-122,97
-124,46
-117,51
-81,791
-38,629
3,045
23,386
45,215
71,013
82,92
46,703
45,711
55,138
98,796
72,006
71,509
16,44
0,5644
-34,164
-0,42784
4,5334
164,78
231,76
307,66
317,58
315,1
256,56
207,94
152,38
270,95
349,34
424,25
418,3
391,51
316,59
257,55
151,38
81,928
4,5334
-11,342
-63,435
-117,51
-201,85
-269,32
-375,49
-445,45
-453,38
-332,83
-317,94
-276,77
-263,37
-153,73
-114,54
30,332
150,89
278,39
407,88
447,57
430,7
548,78
762,11
807,75
724,9
648,99
476,84
352,31
157,34
77,959
55,634
48,688
79,943
21,401
-79,807
-183,5
-236,08
-311,49
-421,14
-500,52
-623,06
-554,1
-522,84
-413,7
-361,11
-244,52
-208,8
-147,78
-164,64
-183
-200,86
-181,02
-165,64
-57,978
78,455
220,35
339,91
474,36
541,83
565,15
526,95
487,75
376,13
275,91
182,14
139,48
145,93
129,56
99,788
10,487
-31,683
-157,2
-273,29
-355,65
-465,79
-423,62
-299,09
-201,36
-158,19
-77,326
-66,412
-44,086
-65,916
-88,737
-123,96
-153,23
-182,01
-239,56
-346,22
-329,85
-280,24
-196,89
-140,33
-92,706
-80,799
-85,264
-87,249
71,013
164,78
226,3
254,58
248,13
344,87
516,53
565,64
655,94
684,22
841,98
893,58
888,62
810,23
719,94
597,89
432,68
147,42
22,394
-220,7
-362,59
-515,9
-500,52
-542,19
-569,48
-542,69
-542,19
-574,44
-593,29
-628,51
-593,79
-548,64
-395,34
-328,86
-215,25
-157,2
-41,606
-10,35
27,355
45,215
94,827
52,161
39,262
1,5566
-41,11
-100,15
-119,5
-114,54
-54,505
-30,691
30,828
71,013
110,21
91,85
110,21
119,14
190,08
221,83
309,15
371,17
395,48
372,16
364,72
287,32
349,83
530,42
640,56
633,61
584,99
442,61
290,79
112,69
-34,66
-219,71
-327,87
-404,76
-357,63
-346,22
-346,22
-413,2
-439,49
-479,68
-432,05
-353,66
-274,29
-260,89
-136,86
-12,831
49,68
91,354
135,01
234,73
250,61
247,14
336,93
662,39
835,04
796,34
667,35
523,97
439,63
310,14
191,07
50,176
85,897
163,29
267,97
288,31
317,58
264
207,45
113,18
89,37
95,819
96,812
40,75
-2,4123
-130,91
-213,26
-292,15
-350,19
-463,8
-543,68
-609,17
-534,75
-454,38
-437,01
-412,7
-271,31
-1,4201
85,401
76,967
168,25
223,32
178,18
35,789
-19,28
-90,722
-164,64
-214,26
-221,7
-241,05
-209,29
-239,56
-282,72
-255,93
-106,1
97,804
249,12
271,94
239,2
185,62
166,27
216,38
344,37
520,5
652,46
595,41
471,88
405,4
375,63
248,62
203,48
101,28
2,5489
-21,761
-98,659
-212,27
-318,94
-428,58
-481,17
-543,18
-542,19
-555,59
-512,92
-527,31
-430,56
-389,39
-334,32
-358,13
-193,91
-120,49
-18,288
61,091
114,18
126,58
146,92
207,45
285,34
280,87
296,75
300,72
332,47
370,17
471,88
508,59
488,75
363,23
322,05
197,03
122,61
21,898
-40,613
-157,7
-264,36
-395,34
-375,49
-375
-342,75
-284,21
-280,24
-285,7
-236,08
-220,7
-177,05
-108,58
-88,241
-113,05
-106,1
-85,264
-25,234
-7,3735
-0,42784
8,9984
67,54
120,13
173,71
246,14
479,32
596,9
631,13
693,15
707,04
630,14
506,61
378,61
294,76
211,91
146,42
-32,676
-164,64
-262,87
-252,46
29,339
353,31
520,5
597,4
439,13
282,86
72,998
-91,714
-257,42
-357,63
-476,21
-527,31
-623,06
-548,64
-483,15
-416,18
-407,25
-360,11
-306,53
-258,41
-272,8
-273,79
-304,55
-294,63
-221,7
-136,86
-110,57
7,0139
117,65
264
306,67
320,56
258,55
311,13
252,1
247,63
191,07
150,89
83,912
19,417
-33,668
-35,156
-89,233
-36,148
104,25
201,99
212,41
231,26
247,63
323,54
381,09
370,17
316,1
394,98
439,13
447,07
334,95
234,24
50,176
-46,567
-161,17
-127,43
-147,78
-200,36
-282,72
-342,25
-389,88
-429,57
-521,85
-531,28
-536,24
-412,7
-350,69
-272,8
-231,12
-193,91
-234,6
-180,52
-102,63
63,075
195,04
264
203,97
175,2
105,25
108,72
22,89
-5,8851
-35,652
10,983
32,812
247,14
354,3
431,69
430,2
384,56
335,94
340,9
229,77
109,71
-40,613
60,595
178,67
268,96
237,71
365,71
325,03
236,22
121,12
6,0217
-81,295
-115,53
-210,78
-259,4
-331,34
-333,32
-394,84
-476,21
-570,47
-600,73
-582,38
-466,78
-385,91
-318,44
-246,01
-160,18
-77,326
-57,978
-98,659
-79,807
-107,09
-141,33
-188,46
-143,81
-13,823
150,89
320,07
411,85
331,97
323,04
233,24
171,23
50,672
29,835
-46,567
-43,59
-44,582
66,548
20,409
88,874
99,788
83,416
35,293
1,5566
-11,839
33,308
57,618
121,62
110,7
85,897
25,37
0,06828
-121,48
-125,95
-133,39
14,456
167,26
302,7
306,17
272,44
213,9
161,31
131,04
130,05
189,09
208,93
167,26
68,533
-45,575
-146,29
-226,16
-129,91
-54,505
-23,249
-57,482
-56,985
-89,729
-39,621
-53,513
-105,61
-239,56
-310,01
-279,25
-156,21
-123,96
-68,892
-65,916
68,533
133,03
130,55
62,083
35,293
-15,311
-86,753
-132,4
-96,179
-132,89
-108,09
-137,36
-143,81
-168,12
-146,29
-120,98
-21,265
40,75
149,4
273,43
378,61
503,63
581,52
528,93
441,12
338,92
435,66
573,09
714,48
749,21
747,22
633,61
514,54
300,22
47,2
-215,74
-363,09
-503
-607,18
-681,1
-694,5
-771,89
-811,58
-799,68
-665,23
-463,31
-329,85
-287,18
-244,02
-266,35
-252,46
-214,26
-191,43
-135,87
-44,086
200,5
460,47
622,2
697,61
622,2
525,46
383,57
250,61
126,58
-8,8619
-87,249
-143,31
-231,62
-227,65
-257,42
-262,87
-299,59
-194,91
-118,01
-67,9
-55,497
-63,931
-106,1
-50,04
-5,8851
44,223
-9,358
162,3
235,72
268,96
224,81
261,52
238,7
185,12
78,951
-26,722
-88,737
-79,311
-98,659
-103,12
-100,64
-51,032
-18,784
-0,42784
-51,032
-45,079
-100,15
-101,14
-69,885
-44,086
45,711
73,494
66,052
93,339
122,61
71,013
-28,707
23,882
431,69
699,6
702,57
703,07
710,51
677,27
523,47
401,43
264,5
121,12
-86,256
-188,95
-350,19
-488,61
-630,5
-656,3
-672,67
-627,03
-650,84
-681,1
-674,16
-536,24
-373,01
-163,15
-1,9162
61,091
46,207
57,618
49,184
118,14
122,11
87,881
53,153
-12,335
-85,264
-182,01
-309,51
-380,46
-451,9
-298,6
-193,42
-63,435
-39,125
59,603
102,76
163,79
165,77
132,53
74,486
118,64
125,09
136,5
154,36
175,2
169,24
273,93
320,07
332,96
248,13
180,16
346,86
603,85
748,71
914,91
921,86
856,87
753,67
569,12
371,66
164,28
-105,61
-210,29
-348,7
-483,65
-529,79
-566
-601,23
-643,89
-730,22
-738,65
-676,14
-572,95
-515,4
-483,65
-481,66
-411,71
-405,26
-385,42
-372,52
-363,59
-324,89
-303,06
-235,59
-173,57
-106,6
-73,853
-39,125
44,719
105,74
188,59
217,86
254,08
274,42
273,43
376,13
390,51
370,67
332,47
344,87
509,09
564,16
553,74
490,23
666,36
809,73
916,9
915,9
795,84
651,97
493,21
204,97
-23,745
-249,48
-404,76
-337,79
-203,34
-176,05
-155,22
-253,45
-277,26
-352,18
-438,5
-530,78
-522,84
-526,31
-494,56
-553,1
-580,89
-629,51
-391,87
-287,18
-111,06
-66,908
-19,776
-78,319
-63,435
-88,241
-82,784
-128,92
-105,11
-68,396
-42,102
-29,203
16,44
41,742
71,509
74,982
180,66
281,37
347,35
410,85
517,52
613,27
716,96
694,64
649,49
464,93
340,9
143,45
-51,032
-303,06
-285,7
-361,6
-387,9
-384,92
-332,83
-353,66
-298,1
-301,57
-244,02
-320,92
-319,93
-433,04
-422,63
-410,72
-290,16
-235,09
-150,75
-118,01
-106,1
-40,613
8,9984
13,463
95,819
88,874
181,65
408,87
687,69
756,15
805,27
750,2
615,26
547,29
456
380,1
193,06
90,858
21,401
3,045
-2,9084
-56,985
-98,659
-212,27
-269,82
-339,28
-409,73
-512,42
-586,84
-648,86
-553,1
-409,23
-276,27
-92,706
-0,42784
59,106
115,66
169,74
236,22
260,53
248,13
180,16
67,54
-16,8
-41,11
-13,327
36,285
66,548
73,99
44,223
31,324
-52,024
-64,923
-77,822
-5,8851
60,099
74,982
51,665
80,44
9,9907
16,936
4,0372
-43,59
37,773
205,46
345,37
591,44
653,95
675,78
593,43
565,64
603,85
490,23
283,35
80,44
-118,5
-249,98
-447,43
-497,04
-568,98
-534,25
-609,17
-558,56
-453,38
-385,91
-408,24
-382,94
-309,01
-248,98
-153,23
-83,28
-60,954
-18,784
-33,172
3,045
6,5178
78,455
124,1
146,42
115,66
93,339
54,145
-22,257
-112,55
-202,84
-289,67
-289,17
-248,98
-177,05
-89,729
-51,528
-16,304
51,665
228,28
327,51
318,08
313,62
405,4
471,38
482,79
469,89
353,8
270,95
279,38
280,38
307,66
303,69
229,77
212,9
165,77
43,727
-155,22
-317,45
-472,73
-465,79
-446,94
-392,36
-412,21
-471,24
-533,26
-566
-589,32
-480,18
-398,81
-315,96
-292,64
-144,8
-27,714
215,38
410,36
685,7
748,22
734,82
668,84
731,84
702,08
614,76
480,81
372,65
204,97
102,27
-72,365
-218,72
-385,42
-421,14
-444,45
-418,16
-358,63
-331,34
-324,89
-331,84
-344,24
-312,98
-325,88
-381,45
-437,01
-439,49
-434,53
-399,31
-322,91
-242,04
-192,43
-123,96
16,936
112,19
134,02
361,24
467,41
463,44
445,09
400,44
252,1
162,8
26,859
-77,822
-112,05
-123,47
-155,22
-156,71
-191,43
-201,85
-253,45
-273,79
-261,88
-191,43
-100,64
-26,226
-24,738
59,603
179,17
309,15
467,41
557,71
639,57
699,6
650,98
601,86
523,47
449,55
329,49
179,17
14,952
-138,35
-247,99
-246,5
-318,44
-339,28
-358,63
-421,63
-501,01
-485,63
-458,35
-397,82
-347,22
-273,79
-195,4
-69,885
39,262
80,44
97,804
97,308
58,114
38,766
-1,9162
19,913
2,0528
-1,4201
-13,327
161,31
395,48
705,05
978,42
1049,9
962,54
853,39
736,81
605,83
379,6
174,7
-5,8851
51,665
33,308
20,409
-59,466
-183,99
-327,87
-456,36
-617,1
-643,4
-660,76
-722,78
-716,82
-620,58
-568,48
-451,4
-394,35
-350,69
-344,73
-323,9
-305,54
-330,84
-284,21
-188,46
-87,745
-1,4201
83,416
104,25
77,463
94,331
93,339
168,75
182,64
287,82
386,55
622,2
729,86
801,8
682,23
614,26
524,47
578,05
686,2
725,89
709,02
618,73
455,51
259,54
57,122
-137,36
-373,51
-590,81
-714,84
-798,68
-843,83
-872,11
-867,15
-771,4
-666,22
-523,83
-401,79
-256,92
-158,69
-116,02
-26,226
84,905
104,75
201,99
201,99
163,79
101,77
104,25
81,432
79,447
67,044
23,386
46,703
49,184
-0,42784
138,98
308,16
613,27
744,25
757,64
639,57
502,14
295,76
92,346
-156,71
-304,55
-306,04
-160,67
-108,09
-47,559
-46,071
-28,211
-76,83
-79,311
-141,82
-139,34
-192,92
-210,29
-271,8
-255,43
-286,69
-245,51
-225,17
-190,94
-201,85
-206,32
-231,62
-260,89
-311,49
-316,46
-311,99
-144,3
-68,892
8,9984
20,905
63,572
125,59
120,63
91,85
118,14
167,26
236,72
198,02
146,92
141,46
163,79
151,88
182,64
226,3
249,12
226,3
186,61
205,46
271,45
252,1
226,79
170,24
163,29
120,13
154,36
148,41
79,447
-5,389
-16,304
-89,233
-68,892
-36,645
-3,4046
24,378
92,843
82,92
79,447
102,27
143,94
155,35
170,73
124,1
60,595
25,866
129,56
156,84
153,37
84,409
6,5178
-33,668
0,5644
54,641
88,377
10,983
-65,916
-71,869
-63,931
-103,62
-116,52
-103,62
-229,14
-282,72
-181,02
58,114
207,94
186,11
272,93
223,32
168,25
127,57
96,812
-17,792
-121,98
-192,43
-294,13
-297,11
-190,94
-75,838
-55,993
-59,466
-53,016
-77,326
-54,505
-132,89
-73,357
-126,44
-111,06
-40,117
-32,179
-54,505
-69,388
-154,22
-185,48
-176,05
-38,133
79,943
128,07
57,618
-4,3968
89,37
304,69
509,09
589,95
505,12
411,85
318,58
287,82
280,38
265,99
206,95
50,672
-92,21
-63,435
-107,59
-177,54
-303,06
-409,73
-544,67
-584,86
-611,65
-587,83
-565,01
-541,69
-520,86
-507,46
-512,42
-525,82
-495,06
-469,26
-415,18
-309,01
-219,22
-129,91
-43,59
53,649
103,76
155,35
142,45
124,59
120,13
155,35
157,34
137
103,76
99,292
269,46
604,84
759,13
850,91
806,76
761,61
651,97
559,69
624,68
637,09
558,2
438,64
321,55
168,25
3,5411
-155,22
-353,66
-487,12
-581,88
-603,21
-601,23
-375,49
-14,319
160,81
234,24
286,33
319,57
267,48
139,48
35,293
-77,822
-211,28
-339,77
-389,88
-425,11
-434,04
-491,09
-515,4
-519,37
-500,02
-491,09
-421,14
-422,63
-355,15
-343,25
-321,42
-84,272
137
273,93
453,03
522,48
536,87
491,72
463,44
338,92
205,46
135,51
35,789
-123,47
-193,91
-293,63
-298,1
-298,1
-279,74
-247,5
-173,57
-81,791
93,835
191,57
171,73
125,09
187,6
421,27
616,74
733,33
798,82
977,42
1043,4
997,76
787,91
530,92
247,14
-35,156
-305,54
-515,4
-722,78
-858,71
-908,82
-953,97
-919,74
-811,58
-607,68
-436,52
-304,55
-320,42
-336,8
-373,51
-373,51
-431,56
-436,02
-374,5
-278,75
-185,48
54,641
227,29
343,38
417,8
430,7
390,51
362,24
355,29
309,15
230,27
139,48
60,595
19,913
-39,621
-56,985
-84,768
126,58
333,96
427,23
467,91
417,3
351,32
275,41
284,34
277,4
166,27
60,099
-86,753
-80,303
-142,32
-170,1
-192,92
-217,23
-283,71
-312,98
-405,76
-452,89
-571,46
-574,44
-595,27
-575,93
-561,04
-521,85
-447,93
-383,93
-311,49
-211,28
-82,784
-44,086
-28,707
6,0217
35,293
44,223
27,355
77,463
163,79
241,18
302,7
438,64
572,59
743,75
825,61
831,07
842,48
912,43
917,89
891,59
785,92
669,33
523,47
448,06
295,76
173,71
48,192
-67,9
-172,58
-223,68
-310,01
-448,92
-547,15
-624,55
-690,53
-761,47
-757,01
-729,72
-608,67
-475,71
-420,64
-319,93
-227,15
-199,87
-216,24
-135,37
35,293
86,889
259,04
413,83
459,97
569,12
638,57
728,87
759,63
704,56
533,89
329
117,65
-27,218
-220,21
-235,09
-193,91
-34,164
20,409
20,409
-30,195
-95,187
-170,1
-267,34
-339,77
-381,45
-357,63
-346,72
-290,16
-245,51
-304,05
-343,74
-386,41
-381,45
-254,44
-96,179
18,425
84,409
98,796
84,409
37,773
53,153
68,037
43,727
222,33
581,02
648,5
646,51
537,86
384,06
227,79
127,07
241,68
366,2
337,93
245,65
87,881
-66,412
-215,74
-359,12
-480,67
-549,63
-717,82
-728,73
-678,62
-542,69
-378,97
-232,61
-117,02
171,73
339,91
443,1
471,88
432,19
356,78
295,76
225,8
124,59
4,5334
-15,808
-55,001
-132,89
-206,32
-265,36
-263,87
-231,62
-236,08
-176,55
-152,74
-140,83
-122,97
-100,64
-59,962
2,0528
237,21
638,57
803,29
774,51
660,4
542,82
376,62
218,86
54,145
-67,404
-210,29
-286,19
-425,11
-482,16
-481,66
-386,41
-331,34
-274,78
-279,25
-263,37
-240,05
-219,71
-198,88
-192,43
-186,97
-229,63
-227,65
-244,52
-260,39
-227,15
-166,13
-108,58
-92,21
-37,637
36,781
120,63
268,47
411,35
526,45
840,99
1001,7
1044,9
1062,3
1033,5
850,42
676,28
470,89
376,62
263,01
134,52
-12,335
-158,69
-309,01
-439,99
-547,15
-591,31
-528,79
-456,86
-396,33
-340,77
-344,24
-331,34
-140,83
131,04
220,84
215,38
163,79
128,07
106,73
61,587
-19,28
-101,64
-95,683
-99,652
-189,95
-145,29
-103,12
-78,815
-2,9084
131,04
149,9
157,83
201,49
191,07
130,55
65,556
-26,226
-74,846
-78,319
-32,676
-55,993
-108,58
-132,89
-149,76
-98,659
24,874
82,92
128,07
154,36
129,56
48,688
-18,288
-107,09
-179,53
-236,08
-262,38
-228,15
-199,37
-163,65
-70,877
54,145
147,91
249,62
551,26
851,9
982,88
926,82
768,56
559,19
358,27
190,08
43,727
-111,06
-242,53
-336,8
-440,98
-539,71
-513,91
-292,15
-62,443
34,3
66,052
50,176
51,665
-9,8541
-82,784
-151,74
-87,249
48,192
71,013
84,409
103,76
209,93
389,52
413,83
408,37
343,38
258,05
151,38
62,083
38,269
-6,3813
-39,125
-70,877
-102,63
-141,33
-54,009
73,494
91,85
59,106
0,06828
-9,358
-58,97
-109,08
-152,24
-168,61
-217,73
-252,95
-238,07
-240,55
-253,45
-286,19
-302,56
-307,53
-254,94
-187,96
6,5178
212,41
538,36
742,26
740,28
595,91
402,92
199,01
-9,8541
-236,08
-432,05
-489,6
-537,72
-518,87
-572,95
-577,91
-585,85
-576,92
-520,86
-469,76
-218,72
98,796
406,89
659,41
773,52
819,66
743,25
708,53
665,36
613,77
539,85
484,78
400,93
341,4
264,5
158,83
123,6
114,67
34,3
-120,98
-296,11
-397,32
-478,19
-503,49
-558,56
-549,14
-557,57
-566
-567,49
-470,75
-204,33
76,471
274,92
371,66
397,46
318,58
182,64
33,804
-160,67
-251,96
-295,62
-325,88
-345,73
-292,64
-214,75
-177,05
-170,1
-145,29
-101,14
-62,939
-49,048
-93,202
-150,75
-116,52
160,81
495,2
631,63
677,77
628,16
534,88
397,46
243,66
150,39
93,339
113,68
126,58
91,354
35,789
-53,016
-106,6
-189,95
-151,25
-90,722
-132,4
-195,9
-235,59
-161,17
-148,27
-218,22
-161,17
7,5101
253,09
448,06
601,36
612,28
568,12
509,09
389,03
293,27
226,79
184,13
73,494
-23,249
-133,88
-227,65
-362,59
-444,45
-486,13
-512,92
-570,96
-597,76
-580,89
-585,35
-559,55
-556,58
-472,73
-400,3
-326,38
-199,37
-85,76
-18,784
113,68
220,84
329
517,02
755,66
845,46
926,82
1087,1
1102,4
997,76
841,49
674,79
573,58
382,58
170,24
-42,102
-215,74
-356,64
-431,06
-498,53
-535,74
-527,8
-532,27
-518,87
-483,65
-438
-405,76
-368,55
-336,3
-312,98
-141,33
-30,195
15,448
30,828
65,06
139,48
159,32
134,02
97,308
86,889
206,95
293,27
305,68
261,03
195,54
123,11
60,099
89,866
51,665
9,9907
-34,66
-89,729
-104,61
-127,43
-164,15
-220,7
-269,32
-326,38
-286,19
-276,27
-265,36
-254,44
-132,89
-45,079
-15,311
38,766
175,69
331,48
375,13
320,56
517,02
798,32
938,73
910,94
738,29
583,5
423,26
304,69
151,88
11,479
-177,05
-370,04
-515,4
-511,43
-496,55
-409,73
-257,42
-33,668
147,42
266,48
327,01
269,46
148,9
16,44
-19,776
-21,761
32,316
201,99
364,72
476,34
451,54
295,26
133,03
-26,722
-139,84
-266,35
-373,51
-528,3
-632,98
-701,94
-737,66
-752,05
-765,44
-809,1
-839,37
-806,62
-704,92
-618,1
-512,42
-431,06
-381,94
-302,56
-90,722
301,21
574,08
710,01
862,32
1014,1
1062,3
1004,7
883,16
967
1001,7
1001,7
857,86
731,84
524,96
333,96
77,463
-115,53
-315,46
-471,74
-542,19
-605,2
-699,96
-737,66
-770,9
-810,59
-854,25
-823,99
-747,09
-660,27
-540,21
-509,94
-456,86
-424,61
-386,9
-233,6
25,37
151,38
246,64
243,66
229,77
212,9
178,18
152,87
333,96
569,61
708,03
761,61
694,14
606,82
426,23
263,01
109,21
-21,265
-124,95
-213,26
-358,13
-421,14
-381,45
-322,91
-172,09
1,5566
103,26
216,38
230,76
220,35
166,76
142,95
102,76
-12,335
75,975
332,47
521,99
587,97
545,8
448,06
323,54
114,18
-16,8
-181,51
-271,31
-246,01
-212,27
-182,01
-210,78
-269,82
-196,39
-48,055
-45,079
-80,799
-126,94
-148,27
-136,86
-136,36
-167,12
-223,19
-260,89
-274,29
-176,05
-100,15
-6,3813
20,409
-11,839
-71,869
-144,3
-204,33
-222,69
-87,745
101,28
273,93
380,1
419,29
410,85
311,63
239,69
131,04
30,332
-55,993
-73,357
-64,923
-14,815
-17,296
-109,08
-142,32
-4,3968
111,2
157,34
135,51
199,51
298,73
265,49
201
51,665
-81,295
-159,68
-185,98
-157,2
-59,962
12,471
240,19
629,15
805,27
769,05
616,74
419,79
210,42
-68,396
-162,16
-191,93
-208,8
-279,74
-376,98
-478,19
-574,44
-630,5
-668,2
-707,4
-723,27
-685,07
-586,84
-388,39
-86,256
138,49
271,94
378,11
389,52
335,94
269,96
162,8
88,377
-3,4046
-96,675
-165,64
-190,44
-136,86
-141,82
-187,46
-202,35
-254,94
-275,77
-305,54
-304,55
-236,08
-177,54
-171,59
-137,36
-143,81
-177,54
-182,01
-161,17
-194,41
-150,26
-85,264
31,82
86,393
103,76
82,424
35,789
169,24
403,91
578,05
695,63
725,39
741,77
732,34
771,04
689,18
660,9
554,73
469,4
337,93
269,96
197,03
59,603
-70,381
-211,28
-363,59
-450,9
-476,7
-429,07
-406,25
-447,93
-488,11
-513,42
-486,13
-443,96
-374,5
-297,11
-271,8
-207,81
-98,163
-20,273
-15,808
7,0139
58,61
91,354
138,49
185,12
195,04
176,69
208,44
170,24
184,62
258,55
356,78
397,96
420,78
672,31
797,83
762,6
618,23
458,48
298,24
194,55
11,479
-177,54
-402,78
-507,96
-448,92
-138,35
-11,342
-42,102
-80,799
-157,2
-244,52
-281,23
-329,35
-369,54
-436,02
-464,8
-491,59
-385,91
-225,17
-105,61
-24,738
2,0528
122,11
255,07
359,75
272,93
218,86
125,59
35,789
-77,822
-124,46
76,967
212,9
242,67
231,26
235,23
162,3
135,51
78,951
30,332
-77,822
-190,44
-309,01
-335,31
-349,2
-349,2
-352,18
-357,14
-348,21
-321,42
-257,42
-148,77
-31,187
114,18
328
540,34
609,8
637,09
582,02
482,3
428,22
329,99
325,52
312,13
279,88
173,21
40,75
-41,606
-188,95
-289,67
-383,93
-467,28
-526,81
-515,4
-335,8
-125,45
-94,194
1,0605
2,0528
59,603
134,02
172,72
121,62
70,021
-29,699
-148,77
-201,36
-209,79
-237,57
-254,44
-339,28
-360,11
-388,89
-450,41
-478,19
-471,24
-513,91
-502,5
-496,55
-479,68
-489,6
-446,94
-277,26
81,432
243,17
425,24
600,87
740,77
789,89
805,27
756,15
662,39
544,81
403,41
355,79
261,03
195,04
227,29
298,73
270,95
226,79
143,94
8,9984
-60,954
-142,81
-204,83
-223,19
-214,26
-213,76
-184,49
-138,35
-90,722
-23,745
37,773
82,92
92,346
76,471
49,184
-42,102
-62,443
-109,08
-154,72
-211,77
-294,63
-294,13
-199,87
-25,234
47,696
94,827
41,246
-25,73
-83,28
-148,77
-53,016
-43,59
67,54
217,86
301,21
329,49
295,76
478,33
567,13
524,96
393,99
254,58
147,42
70,517
120,13
152,87
240,19
242,17
216,87
116,66
-61,947
-174,07
-231,62
-138,35
-62,939
-59,962
-114,54
-226,16
-324,89
-450,9
-408,24
-353,17
-245,01
-179,53
-244,52
-297,11
-348,21
-358,63
-350,69
-207,81
-84,768
-47,559
59,603
133,52
281,86
443,1
535,38
503,13
611,78
677,77
605,33
453,03
263,01
66,548
-74,846
-221,2
-336,8
-458,35
-569,48
-527,8
-392,36
-217,23
-0,42784
112,19
131,04
135,51
82,424
-48,055
-128,92
-243,53
-288,67
-321,42
-356,15
-341,26
-373,01
-346,72
-311,49
-259,4
-265,85
-292,64
-313,98
-325,88
-289,67
-276,77
-285,7
-264,36
-219,22
-126,44
67,044
237,21
291,29
336,93
520
818,66
1006,2
996,28
917,39
808,74
623,19
433,68
292,78
134,52
6,0217
-78,815
-147,28
-241,05
-343,25
-279,25
95,323
457,49
605,33
596,9
478,82
418,79
363,23
287,82
268,96
207,45
125,09
12,967
-140,83
-349,2
-483,65
-604,7
-703,92
-815,55
-823,99
-788,76
-791,24
-689,04
-555,09
-388,39
-288,67
-264,86
-142,32
55,138
133,52
166,76
193,55
239,69
244,66
224,81
257,55
218,36
227,79
303,69
360,25
364,22
356,78
400,44
494,2
506,61
438,64
253,59
79,943
-6,3813
-38,133
-1,4201
177,68
328,5
399,94
357,77
320,07
169,74
-54,505
-292,64
-495,06
-636,45
-760,48
-768,42
-680,11
-503
-398,81
-402,78
-449,42
-516,89
-406,75
-281,23
97,804
463,94
631,63
663,88
622,2
556,71
573,58
686,7
662,88
567,63
432,19
242,67
64,564
-87,745
-218,22
-362,59
-515,4
-681,6
-787,27
-815,55
-710,37
-594,28
-554,1
-529,29
-497,54
-453,38
-386,41
-397,32
-432,55
-406,75
-251,46
-156,21
-106,1
-101,14
-82,287
-42,598
-54,009
-71,869
-96,179
-105,11
-108,09
-99,156
-90,225
-116,02
-131,9
-173,08
-211,77
-218,72
-181,02
-91,218
30,828
161,8
438,14
609,8
677,27
617,24
528,93
438,14
380,59
306,67
228,78
165,77
152,87
287,82
426,73
429,71
374,64
260,53
104,75
47,696
28,843
-39,125
-100,15
31,82
273,93
367,2
363,72
288,81
224,31
147,42
76,967
-31,187
-104,61
-201,85
-255,43
-317,94
-342,25
-389,39
-348,7
-276,77
-144,8
-93,202
-15,311
-0,92396
9,4945
-35,156
-98,163
-148,77
-174,57
-297,11
-444,95
-538,72
-601,23
-637,44
-640,42
-597,76
-431,06
-167,12
27,355
315,1
514,54
580,53
618,73
588,47
481,3
436,16
411,85
362,24
399,94
359,75
268,96
240,19
277,89
241,18
208,93
131,04
101,77
13,96
-41,606
-157,7
-174,57
-215,25
-250,97
-143,31
20,409
317,09
538,36
665,36
733,33
794,35
814,7
723,91
566,14
329,99
59,106
-111,06
-285,2
-409,73
-490,59
-661,75
-784,79
-865,16
-889,97
-943,55
-974,31
-931,15
-835,4
-727,74
-576,92
-407,74
-313,98
-227,15
-188,46
-203,34
-233,6
-230,63
-192,92
-201,36
-214,26
-174,07
-107,09
-67,9
24,378
146,42
286,33
352,31
392
512,06
544,31
672,81
758,14
775,01
749,21
729,86
650,98
545,8
507,1
515,54
520,5
467,91
344,37
198,02
81,928
71,013
-2,9084
-119,5
-257,42
-437,51
-608,67
-762,96
-831,43
-658,78
-340,77
-25,73
138,98
195,04
173,21
145,43
79,943
13,463
-110,57
-208,8
-200,86
-213,76
-154,22
-152,24
-63,931
4,0372
83,416
117,65
104,25
13,96
-83,28
-141,82
-198,88
-265,36
-378,47
-451,9
-510,44
-540,7
-582,38
-529,29
-469,26
-385,91
-298,6
-233,11
-182,5
-14,815
188,1
267,97
328
323,04
313,62
295,76
185,62
209,43
323,54
459,47
512,56
527,44
520,5
480,81
484,78
425,24
362,73
217,37
232,75
311,13
304,69
220,84
306,17
369,18
297,24
140,97
126,08
61,091
-57,978
-141,33
-242,53
-344,73
-406,75
-446,44
-425,6
-355,15
-325,39
-328,36
-303,06
-278,25
-257,42
-194,41
-186,47
-216,24
-223,68
-300,08
-384,42
-423,62
-475,21
-495,55
-483,65
-431,56
-238,57
91,85
554,23
1120,3
1318,3
1285
1144,1
955,59
742,76
540,34
384,06
256,56
113,68
-107,59
-311,99
-497,04
-632,48
-762,47
-781,82
-803,64
-832,42
-736,17
-555,59
-412,7
-319,43
-321,42
-307,53
-275,77
-168,61
-36,148
63,075
125,59
167,26
239,69
367,2
523,97
621,21
752,68
1095
1252,3
1230,4
1081,6
838,01
561,18
245,65
-93,698
-299,09
-479,68
-599,74
-677,63
-716,33
-747,09
-718,81
-672,17
-577,91
-523,34
-533,76
-493,07
-377,97
-351,68
-211,28
-23,745
368,68
580,53
618,73
564,16
515,04
426,23
355,79
267,97
119,14
-14,319
-97,171
-53,513
2,0528
41,246
33,804
-8,3657
-69,388
-129,91
-170,1
-237,08
-293,63
-362,1
-388,39
-419,15
-490,1
-489,11
-366,07
-225,67
40,254
291,29
405,89
473,37
499,16
442,11
361,74
243,66
73,99
-94,69
-259,4
-383,43
-423,12
-457,35
-482,16
-467,77
-482,16
-518,87
-494,07
-267,34
-64,923
74,982
344,87
463,94
571,6
559,19
491,72
371,66
258,05
125,59
4,0372
-94,69
-59,962
-17,792
57,618
116,66
213,4
205,46
219,85
143,94
102,27
-4,3968
-50,04
-83,28
-151,25
-204,83
-233,11
-235,09
-209,29
-111,06
45,711
103,26
182,14
239,2
284,34
257,06
175,69
76,967
13,96
-75,838
-143,81
-133,39
-49,048
190,58
334,95
372,65
310,14
251,6
189,59
161,31
110,21
68,533
60,099
-29,203
-141,33
-275,77
-343,25
-355,15
-326,38
-344,24
-354,16
-420,64
-474,22
-505,97
-535,24
-557,07
-562,53
-534,25
-422,13
-219,22
16,936
318,08
534,88
721,43
796,34
775,01
678,76
525,46
360,75
368,68
352,81
317,58
227,79
127,57
-3,4046
-92,21
-176,05
-237,08
-244,52
-191,93
-170,1
-187,46
-183,5
-85,264
-24,738
25,866
121,12
127,07
106,73
67,044
49,184
-0,42784
-61,45
-114,04
-66,412
39,262
51,169
70,517
65,06
69,029
42,735
19,417
-59,466
-50,04
-39,621
-55,993
-45,575
-19,28
-18,784
-68,396
-123,96
-207,31
-173,08
-202,84
-215,74
-208,3
-134,88
-96,675
-91,714
-129,91
-175,56
-191,43
-155,71
-38,629
132,53
203,97
180,66
111,7
157,34
227,29
224,31
178,18
116,16
31,324
-66,412
-182,5
-276,27
-364,58
-337,79
-158,19
-16,304
72,998
60,099
44,719
139,97
284,34
348,34
414,33
574,08
566,14
527,44
442,11
332,96
181,65
31,82
-95,683
-169,11
-217,73
-251,46
-258,91
-287,18
-346,72
-403,28
-448,42
-463,8
-487,12
-446,94
-344,24
-211,77
-57,978
49,68
116,66
173,71
221,34
217,86
177,18
117,65
24,378
-37,141
-114,54
-169,11
-254,44
-290,16
-240,55
-151,25
-121,98
-101,14
-58,474
-18,784
69,029
102,27
93,339
216,87
389,03
517,02
723,41
793,36
783,94
741,77
715,97
647,01
573,58
594,92
691,66
700,59
771,53
842,97
732,34
565,15
315,6
84,905
-96,675
-261,39
-378,97
-443,96
-503
-620,08
-752,05
-778,34
-839,86
-879,05
-973,32
-994,15
-985,72
-1020,4
-1020
-996,64
-928,67
-829,94
-641,41
-528,79
-472,73
-428,08
-378,97
-326,38
-220,7
-32,179
89,866
189,09
253,09
418,3
536,37
646,51
859,84
1083,6
1220
1165
1121,3
1212,6
1260,7
1223
1103,9
904
648,5
410,36
204,97
-17,296
-220,7
-355,65
-353,17
-337,29
-344,24
-416,18
-493,57
-632,48
-690,53
-600,24
-514,9
-517,88
-497,04
-522,84
-552,61
-572,95
-595,77
-573,45
-482,16
-402,28
-388,39
-342,75
-163,15
-59,962
46,207
99,788
152,87
188,59
216,38
313,12
555,23
777,49
866,29
948,15
918,88
847,94
773,52
621,71
481,3
355,79
186,11
-40,117
-234,1
-380,46
-458,35
-548,64
-594,78
-492,08
-417,17
-347,22
-290,16
-291,65
-190,94
-127,43
-93,202
-52,024
-48,551
-68,396
-131,4
-180,52
-206,81
-225,67
-250,97
-219,22
-224,18
-198,88
-175,56
-158,19
-138,35
-63,931
-76,334
-94,194
-154,22
-124,46
-147,28
-144,3
-188,95
-156,71
-141,82
-69,885
30,828
93,339
127,57
165,28
264
350,33
353,8
344,87
388,03
408,37
345,37
274,42
237,71
216,38
221,34
212,41
209,93
145,43
127,07
360,75
790,88
1122,8
1336,6
1393,7
1265,7
1104,9
820,65
542,82
255,07
-48,055
-288,18
-337,79
-389,88
-390,87
-408,24
-462,31
-491,59
-520,86
-494,07
-489,11
-513,91
-459,34
-421,14
-386,41
-378,97
-374,5
-405,26
-438
-518,38
-482,16
-499,52
-533,26
-544,17
-555,09
-540,21
-560,05
-466,28
-278,75
-108,09
144,44
456,99
632,62
688,19
668,84
602,85
464,93
340,9
194,55
73,99
-99,156
-229,14
-280,74
-224,18
-133,88
-36,645
-6,8774
2,5489
-41,11
-61,45
-7,3735
69,525
184,13
232,75
301,71
329,99
329,49
333,96
291,79
260,53
452,03
666,36
704,06
641,55
492,71
315,6
135,51
-68,396
-200,36
-393,35
-512,42
-602,72
-645,88
-702,93
-734,19
-722,78
-668,7
-623,06
-524,33
-514,9
-428,58
-53,016
316,59
471,38
579,04
689,18
742,76
777,49
721,43
589,95
444,09
281,37
122,11
-0,92396
-127,93
-295,12
-348,7
-289,67
-220,7
-230,63
-237,08
-255,93
-131,9
-52,024
-7,3735
11,479
-8,3657
46,207
117,65
208,44
315,1
453,03
564,16
596,9
515,54
439,13
306,67
148,41
22,394
38,269
-11,342
-119
-247,5
-409,23
-561,04
-716,33
-840,85
-912,29
-883,52
-754,53
-601,72
-308,52
-71,869
77,959
178,18
192,56
180,66
121,62
55,138
10,983
-55,993
-25,234
86,889
116,16
136,5
140,47
109,71
63,572
26,363
30,332
86,393
160,81
217,37
259,04
339,91
443,1
491,72
480,81
466,42
473,86
507,1
633,61
772,53
756,15
641,05
466,42
212,9
-17,792
-248,49
-338,28
-350,19
-436,02
-521,35
-609,17
-698,96
-749,57
-654,31
-571,46
-454,38
-428,58
-339,28
-279,25
-163,65
85,897
244,66
276,9
243,66
224,81
257,06
241,68
204,97
133,03
39,262
-99,652
-151,74
-175,06
-192,43
-246,01
-275,28
-303,06
-319,93
-306,04
-266,35
-237,57
-213,76
-189,95
-212,77
-159,19
-61,45
131,04
480,81
843,97
1128,2
1352,5
1415
1345
1134,7
875,72
783,44
757,64
701,08
590,95
450,54
252,59
20,409
-256,43
-524,83
-741,63
-893,94
-1034,8
-1126,6
-1167,8
-1149,9
-1121,2
-1107,8
-1032,9
-953,47
-841,85
-742,62
-677,63
-556,58
-444,45
-303,56
-160,18
43,231
112,69
270,45
314,61
368,19
391,01
452,03
522,98
622,7
699,6
763,1
697,61
537,37
343,38
181,15
225,31
410,85
458,98
470,89
428,22
308,65
145,93
-6,3813
-65,916
-91,714
98,796
153,87
116,66
4,5334
-91,714
-134,88
-164,15
-191,43
-245,51
-273,29
-309,51
-353,17
-426,1
-501,01
-569,97
-629,51
-660,76
-697,48
-677,63
-480,67
-386,9
-296,61
-199,87
-135,37
-92,21
16,936
117,65
214,89
257,55
357,27
406,89
423,75
443,1
471,88
550,26
542,82
483,29
424,75
471,38
766,08
938,23
1110,9
1073,2
898,54
679,26
428,72
225,31
43,231
-117,02
-299,09
-365,57
-372,02
-365,57
-388,89
-491,59
-540,7
-581,38
-616,11
-580,89
-587,34
-631,99
-700,95
-761,47
-765,44
-685,57
-578,9
-481,66
-394,84
-362,1
-267,84
-216,74
-189,45
-169,6
-80,303
15,448
133,52
293,27
440,13
703,07
819,66
825,11
776,49
679,75
543,32
424,75
318,58
227,79
150,89
94,331
37,277
32,316
163,29
265,49
416,31
545,8
540,34
536,37
768,56
1033,5
1013,6
847,94
614,26
310,64
3,5411
-287,68
-536,73
-652,82
-677,63
-719,3
-770,9
-897,41
-951,49
-974,81
-1033,8
-1086,4
-1065,6
-1047,7
-994,15
-883,52
-777,85
-651,83
-544,67
-418,66
-281,23
-184,98
7,0139
184,62
275,91
313,12
316,1
347,85
431,69
427,23
394,98
374,64
371,17
367,69
387,54
343,88
277,4
265,99
242,17
208,44
193,55
211,42
319,57
347,85
369,18
359,75
348,34
388,53
381,09
399,44
386,05
369,68
504,62
559,19
553,24
449,06
257,55
80,44
-101,14
-265,85
-380,95
-482,66
-599,74
-658,78
-766,93
-771,89
-652,33
-530,28
-271,31
0,06828
78,455
55,138
-8,3657
-36,645
-13,327
-83,28
-170,1
-251,96
-301,08
-290,16
-326,38
-362,1
-380,46
-252,46
-31,187
123,6
168,75
142,95
53,649
5,0295
-37,141
-20,769
192,07
291,79
344,87
494,2
556,22
569,12
622,2
608,81
573,09
485,77
387,04
248,13
102,27
-58,97
-117,02
-212,27
-321,91
-387,4
-449,91
-508,95
-529,29
-489,6
-353,17
-201,85
-99,156
5,0295
114,67
138,49
138,98
95,323
41,742
-12,335
-66,908
20,905
13,96
-8,3657
-55,993
-60,954
-60,458
-43,094
-63,435
-53,016
70,517
117,15
98,3
68,037
18,921
-48,055
-113,05
-163,65
-171,59
-108,58
-82,287
-3,4046
56,626
141,96
190,08
199,01
188,1
296,75
361,24
403,91
389,52
332,47
249,62
335,44
384,06
419,79
424,25
367,2
317,58
392,99
382,08
351,32
271,94
203,97
116,66
49,68
-30,691
-137,36
-91,218
-37,141
102,76
153,87
110,7
51,665
-12,831
-87,745
-197,88
-284,7
-384,42
-495,06
-587,34
-687,06
-728,23
-575,93
-401,79
-303,06
-285,7
-295,62
-269,82
-102,63
-31,187
-24,242
-38,133
-73,357
-156,71
-237,08
-295,62
-332,33
-384,92
-382,94
-333,82
-308,52
-267,34
-211,77
-144,8
23,386
114,67
225,31
288,31
259,54
241,68
217,86
227,79
165,28
71,013
8,9984
-65,419
-112,05
-173,57
-197,39
-212,27
-266,35
-220,7
-185,98
-100,15
-28,211
13,96
74,486
75,975
69,525
37,773
56,13
36,781
14,952
51,665
40,75
36,285
49,68
-3,9007
-1,9162
7,0139
-0,42784
-4,3968
-4,8929
-37,141
-13,327
5,5256
-4,8929
-17,792
-41,606
-82,287
-97,171
-86,753
-58,97
-34,164
18,921
126,58
257,55
253,59
288,31
261,52
239,2
244,16
201
171,23
125,59
123,11
156,84
110,7
90,858
65,556
43,231
36,285
40,254
9,9907
-16,304
-15,808
105,74
465,92
623,69
694,14
660,4
566,14
448,56
417,8
364,22
215,38
115,66
67,044
32,316
-31,683
-63,435
-136,86
-191,93
-286,19
-358,13
-350,69
-199,37
-53,016
164,28
237,21
265,49
197,03
79,447
1,5566
-140,33
-261,88
-392,86
-427,59
-449,91
-408,24
-328,36
-272,8
-252,46
-280,24
-297,11
-366,07
-450,9
-525,32
-499,03
-439,99
-423,62
-297,11
-203,34
-155,22
-127,93
-132,4
-93,202
-72,365
-45,575
-16,8
-26,226
-61,45
-65,916
-42,102
24,378
95,819
157,83
149,4
134,52
171,23
297,24
387,04
449,55
518,02
547,29
598,39
581,52
514,54
381,09
320,07
180,66
55,138
-78,815
-253,94
-375,49
-455,87
-521,85
-571,96
-644,39
-655,31
-626,53
-536,73
-417,17
-317,94
-257,91
-231,62
133,03
396,96
484,28
477,83
424,75
366,7
272,93
155,35
18,921
-20,769
-42,598
-76,83
-96,675
-126,44
-135,37
-121,98
-7,8696
99,292
148,41
153,87
67,044
-6,3813
-27,714
-2,4123
-35,156
-75,838
-93,698
-84,272
-65,916
-109,57
-95,187
-98,163
-91,714
-114,04
-190,44
-197,39
-127,93
-66,908
-57,978
-72,861
-49,544
113,18
298,73
346,86
371,17
335,44
269,96
200,5
111,2
26,859
-71,373
-110,07
-98,163
-90,225
-108,58
-86,753
-75,838
-71,869
-73,853
-104,61
-76,334
-75,838
-78,815
-90,225
-108,09
-112,55
-122,97
-102,63
-62,939
1,0605
26,859
40,254
64,564
63,075
103,26
111,7
106,73
106,73
83,416
97,804
137,99
215,38
298,73
454,02
534,39
554,23
521,99
416,81
331,48
273,43
216,87
127,57
3,045
-66,412
-149,76
-213,26
-212,27
-231,12
-256,43
-140,83
2,0528
54,641
135,51
121,12
76,967
-13,823
-19,28
-17,296
-100,15
-146,78
-203,84
-272,3
-333,32
-383,93
-395,83
-414,19
-421,63
-416,67
-428,08
-424,11
-255,43
-133,88
-21,761
38,766
55,634
29,339
-11,839
-23,249
6,5178
48,688
95,323
122,61
140,47
137
149,4
138,49
137,99
106,73
74,982
19,417
27,355
36,781
28,843
30,332
25,866
16,936
24,874
30,828
16,936
57,122
154,36
279,88
307,17
265,49
233,24
140,97
39,262
-55,001
-123,96
-165,64
-191,43
-180,02
-150,75
-137,36
-131,4
-144,3
-114,04
-124,95
-138,85
-166,13
-167,12
-156,21
-120,98
-5,8851
133,03
191,57
189,09
136,5
144,94
116,16
132,04
207,94
278,89
316,1
347,35
278,39
271,94
237,71
219,35
182,14
165,77
226,3
243,17
221,83
157,34
68,533
-3,4046
-81,295
-124,95
-233,6
-267,34
-305,04
-308,02
-310,01
-302,07
-298,1
-288,18
-296,61
-200,86
-63,435
111,7
301,21
379,6
396,47
384,56
389,52
373,65
359,26
289,8
206,45
109,21
151,38
236,72
217,37
143,94
36,781
-53,513
-175,06
-250,97
-324,39
-350,69
-336,8
-341,26
-348,21
-359,62
-379,46
-355,65
-334,32
-305,04
-251,46
-220,21
-193,42
-80,799
14,952
84,905
97,804
130,55
158,33
155,35
132,04
260,03
403,41
416,31
378,11
277,4
197,03
99,788
24,378
-20,769
2,5489
-35,652
-65,419
-121,48
-183,5
-211,28
-253,45
-291,65
-293,14
-324,89
-337,79
-324,39
-259,4
-166,13
-105,61
-60,954
-14,319
23,386
47,696
93,339
115,66
149,9
190,58
224,31
233,74
239,69
230,27
224,31
203,48
173,71
119,63
51,665
-43,59
-73,357
-22,753
32,812
51,665
28,347
64,068
17,929
31,82
141,96
267,48
316,59
292,28
211,91
145,43
141,96
143,45
106,24
45,215
-26,226
-114,04
-156,21
-199,87
-209,79
-253,45
-221,2
-208,8
-191,93
-131,9
-98,163
-103,12
-109,08
-130,41
-157,2
-119,5
-28,707
49,68
133,52
94,827
141,46
175,2
179,17
190,08
199,01
189,59
216,38
227,79
219,35
204,97
165,77
94,331
221,34
581,02
716,96
776,99
702,08
559,19
422,27
262,52
199,01
135,51
90,858
60,099
116,16
292,28
371,66
332,96
252,1
94,331
-57,482
-201,36
-364,58
-505,48
-628,02
-711,86
-753,54
-690,03
-659,77
-631,49
-566
-522,84
-495,06
-433,04
-404,27
-359,62
-278,75
-213,76
-172,09
-146,29
-47,559
52,161
98,796
135,01
150,39
190,58
159,32
143,45
123,6
92,346
50,176
18,921
77,463
74,982
52,657
33,308
-43,59
-63,931
-158,19
-186,97
-172,58
-159,68
-161,17
-154,22
-149,76
-135,37
-65,419
5,5256
69,029
108,22
97,308
129,56
181,15
237,21
277,89
316,59
284,34
264,5
237,71
182,14
139,48
159,82
188,1
208,93
180,66
94,827
34,797
19,913
5,5256
-4,8929
-1,9162
30,828
15,448
-11,342
-16,8
-36,148
-62,443
-86,753
-135,37
-135,87
-140,33
-136,36
-114,04
-55,993
-40,117
-40,117
-27,218
-51,032
-44,582
-25,73
-5,8851
-22,257
13,96
-17,792
12,471
18,921
67,044
70,021
57,618
60,099
57,618
54,641
65,06
81,432
82,92
95,819
70,517
48,192
44,719
29,835
54,145
61,091
58,114
82,92
126,58
160,81
172,72
143,94
139,97
129,56
106,73
54,641
20,905
-0,92396
-4,3968
-27,714
-28,211
-44,582
-57,978
-60,954
-59,962
-30,691
18,921
154,36
257,55
329,49
329,99
305,68
283,85
238,7
194,05
171,23
151,88
143,45
122,11
78,951
56,13
17,929
-11,839
-11,839
-40,117
-52,024
-84,768
-82,784
-109,57
-128,92
-130,41
-136,86
-92,21
-48,551
-20,273
27,355
64,068
68,533
28,843
-27,218
-88,737
-138,35
-171,09
-184,98
-186,47
-154,22
-189,95
-184,98
-176,05
-166,13
-64,923
235,72
395,97
489,74
415,82
422,27
362,24
293,27
269,96
243,66
207,45
153,87
76,967
-10,35
-92,706
-153,23
-167,12
-216,24
-274,29
-333,32
-404,27
-388,39
-346,72
-247
-80,303
36,781
73,494
74,982
56,13
97,308
104,25
108,72
105,25
58,61
8,5023
-24,738
-47,559
-48,551
-60,954
-54,505
-48,055
-66,908
-45,575
-36,645
-11,342
2,0528
-13,327
-37,141
-67,404
-2,4123
26,363
64,564
65,06
56,13
46,703
33,804
57,618
52,161
16,936
-4,3968
-28,211
-76,334
-72,365
-66,412
-64,427
-65,916
-59,962
-46,567
-29,699
-20,273
-8,3657
-17,792
-6,8774
-4,3968
-10,846
-15,311
3,5411
27,355
27,851
41,246
25,866
17,432
6,0217
-5,389
2,0528
-0,92396
-10,846
-28,211
-29,203
-57,978
-41,11
-45,079
-17,296
-12,831
-12,831
-3,9007
-0,42784
-8,3657
8,0062
19,417
23,882
34,797
26,859
15,944
59,603
86,393
118,64
153,87
168,25
171,23
165,28
139,48
136
117,65
106,73
75,975
66,052
-2,9084
66,052
130,55
175,2
148,9
103,76
63,075
17,929
-23,249
-50,536
-79,807
-104,12
-120,98
-150,26
-180,02
-150,75
-131,9
-117,51
-87,745
-83,28
-71,869
-62,939
-31,683
62,579
124,1
153,37
163,29
137,49
116,66
102,76
124,59
101,28
104,75
100,28
56,626
5,5256
-11,342
-38,629
-54,009
-69,388
-82,784
-95,683
-96,675
-117,02
-146,78
-130,91
-119
-67,404
-29,203
-1,4201
29,339
85,401
132,04
171,73
194,05
329
379,1
346,36
290,3
222,33
172,72
138,98
89,866
63,572
32,812
14,952
-23,249
-77,326
-121,98
-139,34
-152,74
-151,74
-169,6
-189,45
-190,44
-182,01
-177,54
-163,65
-165,14
-161,17
-124,46
-116,02
-124,46
-99,652
-60,954
29,339
190,08
227,79
188,59
118,14
97,308
94,331
80,44
70,021
27,851
-5,389
-35,156
-40,613
-46,071
24,874
103,76
148,9
86,889
74,486
34,3
9,9907
-51,032
-56,489
-119,99
-176,05
-196,89
-195,9
-196,39
-166,13
-120,98
-89,233
-58,474
-87,745
-92,21
-70,381
-94,194
-87,745
-37,141
7,5101
31,324
39,758
42,238
35,293
23,882
40,254
41,246
34,3
14,952
16,44
-44,086
-69,388
-89,233
-71,869
-54,505
-43,094
-12,335
9,4945
21,898
41,246
54,145
71,509
70,517
14,456
-16,8
0,06828
-14,319
9,9907
10,983
8,0062
19,913
36,285
32,812
111,7
214,89
360,75
435,66
447,57
473,86
420,28
362,73
305,68
257,55
161,8
69,525
-23,745
-99,156
-142,32
-160,67
-180,02
-204,33
-243,03
-251,46
-267,84
-274,78
-249,48
-235,59
-227,65
-212,27
-194,91
-161,67
-96,179
-37,637
-5,8851
29,339
47,2
31,324
61,091
85,897
95,819
113,18
104,75
112,19
112,19
96,812
91,85
77,463
60,099
32,316
2,5489
9,9907
-4,3968
13,463
4,0372
-13,327
-14,319
-14,815
-15,808
-22,753
-13,823
-19,28
-12,831
-9,358
25,37
29,339
34,3
49,184
90,858
112,19
121,12
134,02
130,05
101,28
82,92
97,308
94,827
96,315
49,184
62,579
80,44
138,98
131,04
175,2
139,97
109,71
70,021
26,363
-11,342
-50,04
-38,629
-87,745
-95,683
-97,171
-39,125
9,9907
27,355
26,859
31,324
20,905
22,394
-6,3813
-12,831
-19,776
-36,148
-48,551
-131,4
-104,61
-128,43
-106,1
-86,256
-31,683
-0,42784
6,5178
16,44
8,9984
-6,3813
-34,164
-36,148
-53,016
-70,381
-99,156
-144,3
-149,76
-179,53
-180,02
-150,75
-102,13
-50,04
-30,691
-3,9007
19,417
40,254
47,2
57,618
43,231
33,804
37,773
42,735
23,882
39,758
47,2
29,835
32,812
91,354
108,22
99,788
89,37
73,494
52,161
41,742
27,851
27,355
11,975
-35,652
-33,172
3,045
16,936
69,525
34,3
32,316
28,843
10,487
-3,4046
-8,3657
-22,753
-23,745
-10,846
11,479
17,432
20,409
7,5101
31,324
11,975
-5,8851
0,06828
23,386
32,316
13,96
2,5489
-16,304
-32,676
-35,156
-33,172
-23,249
-28,707
-33,668
-42,102
-54,505
-81,791
-93,698
-94,194
-79,807
-53,016
-58,97
-21,761
0,06828
12,967
34,797
39,262
57,122
66,052
64,564
90,362
92,843
80,44
109,71
57,122
72,006
87,385
92,843
100,28
85,401
76,471
56,626
39,262
39,758
29,339
14,456
5,0295
-59,962
-64,427
-63,931
-53,016
-47,559
-23,249
-22,257
-21,761
-16,304
-12,335
-2,4123
16,44
22,394
35,789
-6,3813
42,238
29,835
52,161
61,091
96,812
128,07
107,73
104,25
97,308
82,92
79,943
69,029
60,099
49,184
30,332
10,983
-38,133
-56,985
-68,396
-55,993
-21,265
-9,358
32,316
26,363
28,843
24,378
28,843
27,355
30,828
24,874
30,332
29,835
8,5023
-9,358
-3,4046
-12,335
-6,3813
27,851
62,579
63,075
71,509
68,533
73,494
72,998
57,122
50,176
34,797
12,471
2,0528
-48,551
-45,079
-11,839
-16,304
-21,265
-27,218
-37,637
-31,683
-20,769
-4,3968
3,5411
3,045
7,0139
31,82
9,4945
74,486
58,61
23,386
18,921
29,339
52,161
65,06
62,083
58,61
46,207
39,262
35,789
27,851
20,905
12,967
-14,815
-8,8619
-70,877
-53,513
-37,637
-29,203
-10,35
-28,211
-27,218
-33,172
-28,211
-23,249
-15,311
0,06828
1,5566
8,5023
-3,9007
-0,42784
-1,4201
21,898
11,479
31,82
57,618
69,029
81,928
95,323
102,27
109,71
108,72
100,28
96,812
89,866
71,509
55,138
12,471
-14,319
-51,528
-41,11
-6,3813
-26,722
-46,567
-55,993
-57,978
-50,536
-56,489
-45,575
-38,133
-25,73
-26,722
-16,304
-23,745
-32,179
-22,753
-21,761
29,339
29,835
43,231
46,207
50,176
59,106
61,091
69,525
73,99
71,509
33,308
2,5489
0,06828
16,44
13,96
45,215
40,75
24,874
16,936
6,0217
-4,3968
4,5334
1,5566
0,5644
-42,102
-13,327
-19,28
5,0295
10,487
28,843
48,688
55,138
40,254
34,3
18,425
23,882
26,363
14,952
27,355
12,967
54,145
48,688
-0,42784
-1,9162
0,5644
15,448
34,3
23,882
14,456
5,5256
-4,8929
-23,249
-39,125
-41,606
-38,629
-30,691
-89,233
-84,768
-77,326
-79,311
-83,28
-27,714
-10,35
25,37
31,324
34,3
38,269
50,672
60,099
66,052
72,006
70,021
61,587
28,347
27,355
37,773
38,766
70,021
98,3
102,76
86,393
58,114
33,804
14,952
-2,4123
-15,808
-33,172
-47,063
-57,978
-46,567
-93,202
-75,838
-66,412
-27,218
-14,319
2,5489
5,5256
14,952
33,804
43,727
54,641
58,61
67,044
71,013
63,572
57,618
33,804
39,758
26,363
43,727
67,044
69,029
55,634
43,231
27,851
17,929
1,5566
-2,4123
-22,753
-29,699
-62,939
-73,853
-98,659
-69,885
-84,768
-50,04
-32,179
-17,296
-14,815
-10,846
10,487
25,866
33,308
40,254
46,703
50,176
59,106
59,106
35,789
48,688
53,153
48,192
100,78
103,26
83,912
67,044
42,238
20,409
3,045
-6,3813
-12,831
-34,164
-42,598
-90,722
-92,706
-84,272
-89,729
-62,939
-60,954
-46,071
-38,629
-33,668
-12,831
-0,42784
22,89
30,332
15,448
42,735
10,983
19,913
27,355
74,982
87,881
86,889
82,424
77,959
71,509
60,595
48,688
43,231
18,425
19,417
-26,722
-26,226
-47,063
-48,551
-40,117
-27,218
-30,691
-36,645
-39,125
-34,66
-35,652
-33,668
-16,8
-4,8929
8,0062
15,448
20,409
18,425
8,9984
43,231
42,238
34,3
95,323
98,796
91,354
100,28
93,835
87,881
76,967
60,099
46,207
41,742
4,5334
-38,133
-44,582
-38,629
-49,048
-31,187
-35,156
-45,079
-58,97
-56,985
-54,009
-48,055
-35,652
-28,707
-58,97
-34,66
-27,218
3,5411
31,82
85,897
97,308
102,76
104,75
108,22
102,76
108,72
98,796
87,385
59,106
75,975
29,835
40,75
28,843
48,688
33,308
14,952
-5,389
-12,831
-26,722
-30,691
-47,063
-54,009
-61,45
-60,954
-86,256
-86,256
-82,784
-90,722
-74,35
-35,156
-0,42784
13,96
23,882
31,324
44,223
47,2
44,223
73,494
103,26
119,63
110,7
86,393
77,959
62,083
58,114
42,735
49,68
28,843
9,4945
-0,42784
3,5411
-10,846
-31,683
-27,714
-40,613
-42,598
-49,544
-47,559
-56,985
-39,125
-1,4201
-10,35
29,835
36,781
42,238
42,238
65,06
58,114
62,579
82,92
91,85
116,66
98,796
120,13
90,362
76,471
71,509
72,006
77,959
63,075
41,742
20,409
4,0372
-11,839
-29,203
-43,59
-63,931
-90,722
-99,652
-102,63
-108,58
-99,652
-85,264
-43,59
-28,707
-17,296
-18,288
4,0372
10,983
28,347
36,781
67,044
58,114
60,099
52,657
62,579
56,626
71,013
98,3
88,874
72,006
62,083
35,789
24,378
17,929
8,5023
-1,4201
-11,839
-53,513
-62,939
-87,249
-68,892
-71,869
-39,125
-39,125
-34,66
-32,179
-10,35
-4,3968
0,5644
12,471
15,448
3,5411
35,293
9,4945
46,703
61,091
67,54
94,827
99,292
86,889
85,897
61,587
68,037
61,091
55,138
50,176
32,812
-40,117
-15,311
-23,745
-61,45
-52,024
-37,141
-36,148
-48,055
-55,497
-49,544
-35,652
-29,699
-18,784
-7,3735
5,5256
15,944
50,672
36,285
12,967
39,758
40,254
22,89
72,006
101,77
98,796
94,331
68,037
81,928
67,044
58,61
50,672
36,285
-15,311
-21,265
-56,985
-58,97
-61,947
-43,59
-42,598
-57,482
-76,334
-72,861
-85,76
-58,97
-50,536
-42,598
-34,66
-38,133
-20,769
-13,823
-10,35
-4,3968
46,703
69,029
80,936
105,25
85,401
106,73
95,819
94,827
84,409
61,091
34,797
16,936
27,355
4,0372
10,983
2,5489
-8,3657
-14,319
-45,575
-41,606
-57,482
-63,931
-68,396
-55,001
-72,861
-70,381
-70,877
-65,916
-56,489
-1,4201
9,4945
19,417
12,967
34,3
41,742
61,587
68,037
78,951
41,742
70,517
23,882
27,355
33,308
56,13
48,192
40,75
20,409
5,5256
-21,761
-13,823
-29,203
-38,629
-55,993
-93,202
-94,194
-120,49
-94,194
-66,412
-29,699
-42,598
-36,645
-17,792
0,5644
3,5411
9,4945
27,355
36,285
54,145
31,324
31,324
24,378
46,703
52,657
90,858
91,354
86,393
51,665
63,075
48,192
33,804
21,898
9,9907
-61,45
-64,923
-77,326
-70,381
-80,303
-63,931
-70,381
-67,404
-84,768
-60,954
-64,923
-44,582
-33,668
-18,784
-8,3657
-24,242
-18,288
30,332
68,037
66,052
67,54
83,416
53,153
81,928
89,866
89,866
86,393
43,727
27,851
3,5411
3,045
17,432
19,417
8,9984
-2,9084
-17,296
-55,001
-34,164
-49,048
-58,474
-68,892
-78,815
-68,396
-77,822
-68,892
-75,838
-29,699
-5,8851
9,9907
36,285
20,409
84,905
88,377
94,827
101,28
96,812
94,331
49,184
54,641
46,703
43,231
41,742
53,153
66,052
56,13
37,277
-7,3735
10,487
-3,9007
-20,273
-46,071
-78,815
-79,311
-114,04
-111,56
-78,815
-49,544
-37,637
-32,179
-13,327
3,5411
78,455
111,7
129,56
123,11
134,52
83,912
103,76
102,76
88,874
72,998
85,897
67,044
56,13
49,68
41,742
-7,8696
9,9907
-8,3657
-25,234
-36,148
-33,172
-42,102
-55,993
-84,272
-83,28
-68,892
-75,838
-65,419
-52,52
-49,048
-48,055
-60,954
-22,753
-18,288
-1,4201
9,9907
21,401
34,3
40,75
39,262
42,735
71,013
65,06
110,7
102,27
105,25
99,788
80,936
74,982
58,114
39,758
29,339
20,905
15,448
2,5489
-14,319
-43,59
-35,652
-49,048
-49,048
-33,668
-22,753
-16,8
-16,304
2,0528
-10,846
31,324
37,773
50,176
65,06
65,556
66,548
61,091
65,06
66,052
67,044
72,502
75,975
114,18
103,76
96,315
73,99
66,052
50,176
53,153
30,828
17,432
-41,606
-62,443
-57,482
-55,497
-56,489
-52,52
-47,559
-44,582
-40,117
-30,691
-24,242
-19,28
-15,808
4,5334
20,409
8,0062
9,9907
30,332
60,595
85,897
85,401
92,346
70,517
103,26
103,26
88,874
83,912
35,789
10,983
7,5101
8,5023
3,045
4,0372
15,448
8,9984
1,0605
-60,954
-24,738
-34,164
-36,148
-34,66
-24,242
-54,009
-58,97
-23,249
-42,598
-12,335
19,913
37,277
39,262
27,355
50,672
66,052
64,068
77,463
80,936
51,169
59,106
36,285
36,781
7,5101
41,742
48,192
21,898
8,5023
5,5256
-36,645
-13,327
-23,745
-32,179
-47,559
-72,861
-81,295
-80,799
-76,83
-55,001
-20,273
-13,327
2,5489
13,463
14,456
42,735
46,207
52,657
60,595
69,525
48,688
54,145
36,781
79,943
73,494
86,393
71,013
70,517
26,859
53,153
39,262
28,347
13,463
10,487
-21,265
-43,59
-38,133
-58,97
-39,125
-40,613
-34,164
-32,179
-55,993
-32,179
-21,265
-12,335
3,5411
9,9907
-0,92396
0,5644
29,339
27,851
40,254
80,936
82,92
84,905
71,509
81,928
73,494
80,44
86,889
65,06
24,378
25,37
-3,9007
18,425
7,5101
-4,3968
-18,784
-28,211
-57,978
-53,513
-50,04
-48,055
-54,505
-79,807
-55,993
-54,505
-26,722
-15,311
11,975
22,394
34,797
42,735
23,386
64,564
72,998
84,905
90,362
95,819
71,509
99,292
47,2
46,703
26,363
46,207
38,766
19,417
12,471
6,5178
-34,66
-18,784
-34,66
-49,544
-51,032
-54,505
-66,412
-80,799
-80,303
-78,319
-32,676
-14,319
-3,9007
-1,4201
-17,792
19,417
20,905
39,262
45,711
56,626
52,657
39,262
31,324
47,696
58,61
68,037
54,641
48,688
21,401
25,37
17,929
6,5178
-7,3735
-18,288
-41,11
-27,714
-55,001
-40,117
-45,575
-48,055
-24,242
-20,273
-16,8
-5,389
-16,8
7,0139
13,96
26,363
31,324
45,711
33,308
23,882
43,727
71,013
59,106
100,28
93,835
90,362
50,176
65,556
58,61
47,696
45,711
12,471
32,316
-19,776
-40,613
-35,156
-19,28
-13,823
-29,699
-40,613
-63,931
-43,59
-48,551
-33,668
-32,179
-18,288
-58,97
-23,249
-2,4123
-0,92396
13,463
55,634
59,106
65,06
72,502
84,905
74,982
92,843
82,92
80,936
71,509
42,735
41,246
-0,42784
8,9984
-9,358
0,5644
8,9984
5,5256
1,5566
-24,242
-21,761
-32,179
-43,59
-51,032
-45,079
-42,598
-53,016
-64,923
-54,505
-46,567
10,983
21,401
29,835
24,874
39,758
50,672
61,587
77,959
78,951
57,122
42,735
51,169
42,735
66,052
73,494
56,13
44,223
15,944
16,936
0,06828
-5,389
-18,784
-55,497
-70,381
-67,404
-98,163
-53,016
-53,513
-51,528
-43,094
-34,66
-36,148
-4,8929
10,983
14,456
19,913
18,425
21,898
17,929
43,231
30,828
74,486
92,346
87,385
85,897
73,494
80,44
67,044
53,649
37,773
19,913
0,06828
-21,761
-49,048
-37,141
-40,613
-37,141
-56,489
-62,443
-71,869
-56,489
-59,962
-57,482
-51,032
-48,551
-36,645
-51,528
-6,8774
12,471
43,727
49,68
66,052
72,502
53,153
77,463
80,936
83,912
81,432
78,951
51,169
13,96
24,874
10,487
7,5101
19,417
0,5644
-8,8619
-42,102
-28,211
-41,11
-47,063
-55,993
-62,443
-74,846
-74,846
-86,256
-57,978
-37,637
-18,288
-9,358
0,06828
-5,8851
21,898
41,246
51,665
62,083
58,114
74,486
41,742
51,169
56,13
86,889
79,943
69,525
56,626
26,859
42,238
25,37
13,463
-0,92396
-10,846
-7,8696
-51,032
-82,287
-83,28
-102,63
-116,02
-72,861
-64,923
-58,474
-48,551
-51,528
-26,226
-13,327
-1,9162
18,425
33,804
27,355
1,0605
34,797
48,192
67,54
87,881
87,881
92,346
68,037
84,905
82,424
90,858
77,463
48,192
38,766
-2,4123
-8,3657
-27,714
-13,327
-14,319
-39,125
-44,582
-46,567
-57,482
-47,063
-42,102
-37,637
-46,567
-25,234
-50,536
-22,257
-2,4123
43,727
51,665
58,61
70,517
64,564
97,804
105,74
120,63
116,66
111,7
92,843
75,975
43,727
52,657
29,835
48,192
61,091
33,804
18,425
5,0295
-11,342
-23,745
-43,59
-55,497
-53,016
-48,055
0,06828
0,06828
0,06828
0,06828
0,06828
0,06828
0,06828
0,06828
0,06828
0,06828
0,06828
0,06828
0,06828
0,06828
0,06828
0,06828
0,06828
0,06828
0,06828
0,06828
0,06828
0,06828
0,06828
0,06828
0,06828
0,06828
0,06828
0,06828
0,06828
0,06828
0,06828
0,06828
0,06828
0,06828
0,06828
0,06828
0,06828
0,06828
0,06828
0,06828
0,06828
0,06828
0,06828
0,06828
0,06828
0,06828
0,06828
0,06828
0,06828
0,06828
0,06828
0,06828
0,06828
0,06828
0,06828
0,06828
0,06828
0,06828
0,06828
0,06828
0,06828
0,06828
0,06828
0,06828
0,06828
0,06828
0,06828
0,06828
0,06828
0,06828
0,06828
0,06828
0,06828
0,06828
0,06828
0,06828
0,06828
0,06828
0,06828
0,06828
0,06828
0,06828
0,06828
0,06828
0,06828
0,06828
0,06828
0,06828
0,06828
0,06828
0,06828
0,06828
0,06828
0,06828
0,06828
0,06828
0,06828
0,06828
0,06828
0,06828
0,06828
0,06828
0,06828
0,06828
0,06828
0,06828
0,06828
0,06828
0,06828
0,06828
0,06828
0,06828
0,06828
0,06828
0,06828
0,06828
0,06828
0,06828
0,06828
0,06828
0,06828
0,06828
0,06828
0,06828
0,06828
0,06828
0,06828
0,06828
0,06828
0,06828
0,06828
0,06828
0,06828
0,06828
0,06828
0,06828
0,06828
0,06828
0,06828
0,06828
0,06828
0,06828
0,06828
0,06828
0,06828
0,06828
0,06828
0,06828
0,06828
0,06828
0,06828
0,06828
0,06828
0,06828
0,06828
0,06828
0,06828
0,06828
0,06828
0,06828
0,06828
0,06828
0,06828
0,06828
0,06828
0,06828
0,06828
0,06828
0,06828
0,06828
0,06828
0,06828
0,06828
0,06828
0,06828
0,06828
0,06828
0,06828
0,06828
0,06828
0,06828
0,06828
0,06828
0,06828
0,06828
0,06828
0,06828
0,06828
0,06828
0,06828
0,06828
0,06828
0,06828
0,06828
0,06828
0,06828
0,06828
0,06828
0,06828
0,06828
0,06828
0,06828
0,06828
0,06828
0,06828
0,06828
0,06828
0,06828
0,06828
0,06828
0,06828
0,06828
0,06828
0,06828
0,06828
0,06828
0,06828
0,06828
0,06828
0,06828
0,06828
0,06828
0,06828
0,06828
0,06828
0,06828
0,06828
0,06828
0,06828
0,06828
0,06828
0,06828
0,06828
0,06828
0,06828
0,06828
0,06828
0,06828
0,06828
0,06828
0,06828
0,06828
0,06828
0,06828
0,06828
0,06828
0,06828
0,06828
0,06828
0,06828
0,06828
0,06828
0,06828
0,06828
0,06828
0,06828
0,06828
0,06828
0,06828
0,06828
0,06828
0,06828
0,06828
0,06828
0,06828
0,06828
0,06828
0,06828
0,06828
0,06828
0,06828
0,06828
0,06828
0,06828
0,06828
0,06828
0,06828
0,06828
0,06828
0,06828
0,06828
0,06828
0,06828
0,06828
0,06828
0,06828
0,06828
0,06828
0,06828
0,06828
0,06828
0,06828
0,06828
0,06828
0,06828
0,06828
0,06828
0,06828
0,06828
0,06828
0,06828
0,06828
0,06828
0,06828
0,06828
0,06828
0,06828
0,06828
0,06828
0,06828
0,06828
0,06828
0,06828
0,06828
0,06828
0,06828
0,06828
0,06828
0,06828
0,06828
0,06828
0,06828
0,06828
0,06828
0,06828
0,06828
