176
207
234
237
230
262
253
262
262
265
254
252
247
214
258
221
240
301
264
217
227
224
221
241
243
265
271
269
277
289
313
315
353
376
377
331
323
325
349
410
400
388
375
391
449
436
462
440
440
454
438
453
428
491
520
496
470
475
460
417
393
392
378
370
382
384
422
447
446
424
402
464
386
454
428
431
382
434
444
440
449
410
397
409
413
396
398
418
466
430
427
395
426
436
426
419
436
479
460
431
436
423
451
459
478
460
419
476
463
512
470
440
476
485
479
410
506
491
503
545
589
553
642
695
694
712
697
759
888
857
798
824
770
751
764
883
862
739
661
677
680
873
710
834
829
864
916
825
765
879
780
670
756
838
787
782
758
810
660
547
589
565
480
471
449
393
407
364
347
291
257
276
273
303
282
261
267
305
283
260
283
304
299
244
250
222
228
237
272
283
268
274
278
268
250
267
266
278
235
244
244
232
233
243
222
250
284
249
250
242
249
242
228
245
243
267
265
247
243
256
307
382
469
503
520
590
633
598
606
613
601
583
618
617
562
701
786
862
914
883
806
820
871
916
837
826
800
841
829
836
810
800
801
741
739
870
833
892
825
667
656
637
601
696
722
700
674
606
686
629
572
638
633
578
475
449
428
465
453
465
452
468
480
466
470
431
457
450
411
394
436
458
423
424
464
486
490
435
474
498
512
550
484
463
446
480
507
489
516
444
389
410
414
499
495
483
427
439
474
450
545
606
619
675
689
699
851
869
826
858
885
696
700
839
826
773
761
798
688
770
722
713
807
814
805
681
644
635
607
