0
0
0
0
0
0
0
0
0
0
0
0
0
0
0
0
0
0
0
0
0
0
0
0
0
0
0
0
0
0
0
0
0
0
0
0
0
0
0
0
0
0
0
0
0
0
0
0
0
0
0
0
0
0
0
0
0
0
0
0
0
0
0
0
0
0
0
0
0
0
0
0
0
0
0
0
9
146
138
156
153
180
215
152
171
189
204
215
306
306
303
298
282
278
281
284
297
307
315
314
303
300
15
16
16
324
334
134
15
16
15
19
368
42
51
61
567
77
87
94
101
112
121
131
141
148
157
164
175
183
191
199
207
214
222
229
237
242
251
256
154
269
275
281
287
292
298
303
308
298
319
324
328
333
337
327
346
351
355
359
353
367
370
375
379
424
619
882
1010
1010
1010
1010
1010
1010
1009
1009
1010
1010
1010
1010
1009
1009
1010
1010
1010
1009
1002
972
764
424
20
16
16
23
15
45
57
67
77
16
96
91
117
127
137
148
159
117
179
189
154
197
215
224
232
241
248
255
264
271
277
274
291
212
303
311
316
323
327
332
338
344
348
353
358
363
367
372
376
380
514
772
1010
1010
1010
1010
1009
1009
1010
1010
1010
1010
1010
1010
1010
1010
1010
1010
1010
998
916
616
215
15
15
26
38
49
60
637
84
97
99
117
130
141
154
166
176
145
196
206
216
224
234
242
251
258
267
273
280
289
296
302
309
315
321
327
333
338
344
350
16
358
363
368
373
369
412
574
909
1010
1010
1009
1010
1010
1010
1010
1010
1010
1010
1009
1009
1009
1010
1010
1010
999
866
524
87
15
683
32
47
59
70
82
50
105
119
131
306
154
166
177
187
198
